4.53955	-4.03566
-5.80125	4.34267
1.33224	-1.80528
-4.9785	0.411459
-2.62203	-0.541384
0.236645	-15.5462
-16.2708	-10.9938
-14.332	-1.14183
4.52554	-6.18341
-5.32243	-1.92882
0.369355	-1.47757
4.02118	0.593422
-0.523525	-2.73185
-1.31447	-10.3606
-12.8466	-11.8147
-8.5738	5.38245
-6.17302	-6.69953
-6.36106	-0.659318
-0.0781448	-3.18958
-2.49704	-2.45086
-0.0993794	3.82694
0.422427	-7.88489
-8.82276	-14.2672
-9.87803	6.02893
6.82153	-6.49441
-6.45181	-5.00829
-3.99798	-9.83442
-12.0398	6.79124
9.90089	-7.71618
-6.48294	-8.66132
-8.11583	-13.6725
-14.2497	-1.24635
-1.91756	-1.74722
-0.24741	-5.2672
-5.34108	-8.2265
-8.50651	-6.00791
-6.91502	4.17192
3.17571	-7.56939
-7.57734	-4.81086
-4.48384	8.38215
6.48998	-4.08172
-2.79385	-8.07974
-9.77717	-11.2104
-10.4411	-10.6519
-11.0221	11.0553
10.8885	-4.03961
-5.52559	-10.9632
-11.1448	-5.84422
-7.19669	-3.99874
-7.40697	-3.84453
-2.9445	-4.89977
-4.75746	6.771
7.78791	3.57807
3.08933	-4.45535
-1.74049	-8.33551
-5.4577	3.36147
-0.577839	-3.02251
-0.245488	-6.73625
-10.0687	-0.469662
0.0607983	4.83164
-3.7553	1.53638
3.64177	-18.0198
-19.8985	-7.61293
-11.5818	-0.891465
-3.02135	-0.626455
4.84067	-4.50876
-2.52119	-8.97827
-8.63669	1.15215
-4.29426	2.15445
0.845929	-2.44987
-2.58201	-14.0353
-14.1097	-0.865777
-0.141572	-6.18602
2.3177	-13.0476
-10.688	-11.0562
-13.9835	4.83341
6.0555	10.9387
-5.78915	-11.6018
-12.6178	-4.7507
-1.94329	-0.650814
-2.18779	-6.2384
-6.29658	-5.75162
-3.54146	-3.3947
-2.6106	-2.80441
-5.38146	2.02205
-2.52006	-12.0369
-12.3601	-13.44
-6.9947	-3.7552
-4.53503	-4.67053
-6.31473	-3.88778
-4.20529	-4.81148
0.589859	-4.28172
-6.53743	1.55454
-1.05315	-12.0433
-11.9837	5.84097
6.49883	3.82423
2.6737	-15.7409
-15.9462	-6.60366
-7.28687	-5.08858
-4.14305	-8.72062
-8.24465	2.73431
3.14559	-12.8753
-12.1157	-0.903708
-3.14763	5.80214
5.68897	-14.4961
-6.31607	-7.99309
-6.95759	-9.33073
-10.2054	-7.4315
-5.17858	6.36832
5.61431	-3.54702
-4.07604	-11.6956
-10.0913	-1.52998
-5.83428	-9.45354
-8.22318	-6.80769
-5.49144	-7.17393
-4.65144	0.544466
0.428489	12.5355
7.66329	-2.96715
-6.56603	-7.45271
-8.35966	3.49197
1.81374	-2.03473
-3.80774	-4.95768
1.21977	-1.27824
-7.59791	0.332136
1.68411	4.06779
5.92233	-13.9242
-13.0756	-11.7319
-15.1048	-4.81487
-6.20901	-3.79677
3.39174	-2.11654
3.09353	-8.86906
-9.84968	-3.81669
-1.18194	4.93706
5.70749	-9.59772
-4.47253	-16.5577
-14.2449	-0.537249
1.11338	-13.5182
-12.6441	1.51923
1.64036	-3.29496
-3.39729	-12.0034
-11.0262	-1.71613
1.23169	-4.82172
-4.30417	-5.6613
-4.89203	5.2093
1.86782	-5.63602
-6.20806	-0.529621
-3.74174	-5.58688
1.32986	-0.428173
-0.677203	-3.92943
-1.82984	-8.85204
-7.9363	-11.5758
-12.2584	-12.161
-13.2763	5.25163
5.39713	-2.82126
-1.40523	-7.96592
-6.55808	1.82728
0.358614	-5.76429
-4.69164	-5.51287
-6.59147	-5.35275
-3.39547	2.79136
2.32856	-4.25336
-2.09569	-2.36786
-4.73982	-12.2925
-13.3118	-3.20308
-3.41472	-1.06493
-3.45518	-7.97395
-7.67884	-2.29344
-5.65659	2.27805
0.6395	-8.61821
-4.00798	1.42942
0.610888	-10.1897
-9.40702	1.34924
1.02209	-3.97517
-3.84848	-5.24992
-4.47831	-9.45204
-8.42501	-7.65415
-11.6393	-10.1279
-10.9777	-3.10311
-2.46988	1.55722
3.55673	-9.47972
-8.64032	-1.15303
-3.50333	1.42802
1.36481	-1.55156
-1.63829	-11.8755
-10.2555	-10.6584
-9.81784	3.42365
1.0294	-7.117
-8.90304	-11.5887
-14.3174	1.4897
7.15522	-4.527
-2.06003	-10.8249
-11.2586	1.82994
-0.61768	-6.40115
-7.21348	-5.05021
-2.08359	-11.4247
-13.0254	-6.62121
-9.16681	7.75992
5.49103	-2.23335
-2.46569	-5.11504
-5.49137	-8.36261
-10.8185	-12.9474
-10.9682	-1.85118
-1.41051	-0.91511
-4.86337	-9.41152
3.91026	-0.416829
0.355203	-10.0233
-11.92	-10.4802
-10.439	-1.77803
-0.918426	-8.78369
-8.44592	-7.97377
-5.54352	-5.82479
-5.57013	-3.61479
-9.03475	-2.4872
3.50286	-3.94459
0.147975	-2.26522
-2.0047	-1.36182
-2.38761	0.515153
-2.98093	-1.40448
-1.19961	-15.3622
-14.6194	-12.4437
-10.2853	-1.7726
1.76082	-2.04963
1.10788	-0.705571
-2.52152	-3.21833
-7.71961	-1.7157
-2.05998	0.424496
-2.12858	-15.5021
-10.614	-7.60215
-0.986118	8.88797
5.19678	-3.80677
-5.08992	-6.37487
-8.74091	-6.42458
-3.66374	-3.40576
-7.91983	-3.63937
-0.832316	-10.6458
-9.52921	5.99266
1.42681	-1.56824
1.10466	-9.95651
-14.1752	-6.46166
-7.4969	-5.01464
-3.20948	2.43667
3.20483	-5.50253
-4.34506	-7.08095
-7.98997	-15.4799
-15.5097	-3.98732
-3.45615	-10.1657
-7.75518	-3.34913
-4.69962	0.0147231
-0.333001	-2.92758
4.09687	1.56953
0.793332	-12.2716
-13.6146	-9.75223
-8.30698	-6.6193
-6.28879	-9.7169
-8.28489	-0.571273
-5.51598	-5.37222
-3.05123	-4.87677
3.13939	-4.89236
-5.21898	-1.92445
-3.74995	-14.4433
-14.3017	-3.22881
-8.01438	-3.89039
-3.40154	-2.46271
-3.39581	-5.18174
-5.6003	1.25596
0.0834771	4.22461
2.64156	-7.66389
-7.35423	-4.56514
-5.1072	2.28126
2.75989	-1.77049
-2.57823	-1.92575
-0.88751	-3.46999
-2.63795	-5.30293
-7.76193	-5.65359
-6.29982	-5.92988
-4.91641	-3.9342
-4.32394	-6.8212
-10.1279	-8.74775
-6.84377	-5.74546
-2.12261	2.46758
2.55308	-6.58295
-7.04397	-4.64552
-3.88338	-3.41232
-4.78088	-8.47813
-8.23062	-10.2826
-9.11068	-6.31911
-10.9578	6.48812
6.60036	-14.3227
-14.7271	-3.62681
-2.95125	10.4761
13.213	-6.39409
-6.60241	-10.431
-10.0464	3.00856
3.88527	-10.4557
-10.868	-0.0249108
-0.293967	-17.9669
-15.3619	-1.85464
6.77958	4.46711
4.67266	-6.88763
-11.5615	-2.52847
-4.27261	2.27986
2.92159	3.06209
1.45509	-3.11132
-3.32267	-3.78579
1.62801	1.65492
2.92852	-0.0622957
5.5411	-11.8983
-13.2766	2.01978
0.00649605	4.05601
3.51711	-15.13
-14.0752	-6.22828
-10.9661	-2.18336
-5.50639	-7.93348
-14.7017	0.47312
0.517256	-4.23162
-3.83111	-6.84176
-7.70803	8.09641
8.3833	-12.6535
-10.6684	0.216704
0.341528	-3.8958
-2.88779	-11.8973
-11.3168	0.833569
1.63361	-1.91985
-1.6293	-12.8438
-10.399	-6.94873
-7.8994	-8.05794
-10.1526	4.71109
5.76304	-11.0735
-11.9965	-0.196957
-4.23468	7.54094
10.0162	-3.6876
-3.48043	-10.6907
-10.1747	2.38988
1.92675	-8.4367
-8.51089	-3.38991
-2.29377	-10.1083
-17.3502	-7.17222
-3.3778	-0.463099
-9.49349	-12.2437
-15.0645	-2.24684
-3.82031	-1.80466
2.30777	-3.41532
3.18529	-3.16018
-4.26514	-2.38337
2.28274	-1.91924
3.87648	3.20351
-3.95897	-5.08039
-4.94131	-6.77549
-11.5568	-2.68943
-3.25679	2.24881
-0.650437	-2.89113
-5.1545	-2.30786
-1.51626	7.52768
6.20183	-5.45489
-11.7509	-8.62673
-10.1012	-11.9609
-12.8487	0.52956
1.37419	-10.2032
-13.2378	-7.19741
-6.88826	2.98383
6.43543	-5.86109
-5.84509	-3.96495
-1.8235	-4.62034
-4.10822	-1.73187
0.329064	5.92652
5.12896	-12.8298
-8.21619	-6.46128
-7.46994	-2.39625
-5.58923	-0.966519
-1.96372	0.148541
-4.62635	-2.98937
-4.04868	-0.748871
-1.47896	4.1051
9.30253	-8.58001
-7.69097	-5.8049
-2.7652	-5.48404
-7.01846	-4.43359
-1.72471	-7.40572
-10.0626	-5.92924
-6.21306	-3.17088
-2.84066	12.8788
6.17069	1.78134
1.97567	2.16919
-6.63255	-4.92579
-4.80758	-2.4763
-3.74109	0.646379
1.32204	-21.4981
-21.2742	-0.882866
5.22421	-2.86684
-2.05085	0.745455
-0.252221	-5.71894
-0.208504	-10.0534
-6.48897	-0.745395
1.73934	-1.40444
-3.76055	-26.017
-20.7431	-1.84703
0.342467	-9.35205
-8.35655	-8.12751
-6.65762	1.70246
0.630472	-1.57255
-2.70251	3.61297
-1.86453	-7.93552
-1.03474	-17.091
-16.7466	-4.70383
-8.92238	-5.75196
-9.19306	-9.86794
-9.98448	-0.0177691
5.69095	1.11337
4.37764	-2.13381
-6.38902	-0.48139
6.70648	5.83193
3.036	-5.20307
0.203047	1.16786
3.14708	-13.9251
-17.0265	-14.2869
-13.6034	-3.54992
1.05439	-2.72651
-2.65216	-0.746887
1.99487	-0.0285766
-1.80285	-4.89057
0.646415	-3.61976
1.06917	-16.1074
-17.9764	-10.861
-10.2562	1.83792
0.983139	-6.47669
-6.95669	-3.13013
-4.56559	3.34587
1.99851	-6.52059
-2.91235	3.26318
-2.60108	-6.9783
-8.07872	-11.9965
-13.6595	-0.389401
-2.87339	-11.8607
-10.4886	-4.16057
-4.22971	-0.40082
-1.30014	7.79011
9.19677	-3.54241
-2.62471	-8.16121
-8.17636	-13.822
-14.104	-6.61278
-6.03819	-7.49795
-5.33624	-2.86501
-2.11769	0.261213
-1.24603	11.7463
9.87165	-7.31133
-7.95431	-9.71352
-9.63533	-11.504
-10.6666	-3.19783
-2.27699	-3.53122
-3.37128	-3.46645
-10.7803	-5.06132
-6.71963	-2.91187
-2.10021	0.653217
3.48707	-7.67511
-7.79035	-6.27017
-8.01226	4.38522
2.83191	-9.62228
-11.7724	-9.61045
-9.02671	0.592699
2.33533	2.00274
0.444875	-3.93834
-2.95521	-12.3857
-12.0723	-3.32697
-2.93581	-0.22952
-0.583127	-13.0456
-11.3573	-9.5838
-6.9035	-0.802165
1.66892	2.95829
2.57626	-1.02541
0.184262	-9.03435
-9.54127	-0.94104
-0.420387	0.78929
-3.04834	-7.79655
-6.17131	-5.77917
-5.64609	-6.43589
-7.31168	7.34419
7.80571	-2.55812
-1.15153	-9.08317
-9.10426	-10.3123
-9.50431	-3.95336
-1.88858	-9.19353
-4.46552	-6.69105
-7.59059	-11.9525
-9.5994	6.35652
6.75793	0.584594
3.77873	-7.8732
-11.258	-11.188
-9.71224	-2.48331
1.07855	-5.74532
-2.60845	-2.63284
-3.25912	-2.18523
-0.258258	2.84049
8.84202	-1.60175
-3.73293	-12.187
-10.1434	-11.9102
-11.0099	-2.4106
-2.71967	-5.86724
-7.59897	-2.77736
-2.59011	0.65371
-3.45529	-0.539414
1.07554	6.14425
4.97493	-9.5793
-9.60985	-14.1216
-15.3172	-5.05501
-4.50719	-5.24214
-4.95562	-5.334
-6.44565	-1.54642
-1.15775	2.04035
1.35636	9.51733
10.4769	-4.34701
-3.97607	-11.9059
-11.6987	-8.15773
-8.98389	-8.14294
-10.5231	1.57462
2.69524	-1.87139
-3.72102	-4.62793
-5.2016	-3.82723
-6.79736	0.289904
-1.08092	-5.88379
-5.98723	-9.77627
-5.68366	-11.0859
-10.8371	1.74947
-1.31389	-9.66537
-10.3564	-5.99151
-3.15753	-8.4142
-11.9623	-7.53404
-7.27244	-2.24677
-0.613895	8.83557
11.3348	-15.7294
-14.3698	-4.80938
-4.24901	-5.01095
-4.18931	-5.01878
-7.82688	-7.45047
-6.76072	-7.68749
-8.02491	0.640948
-0.829958	16.9493
10.7383	-12.6779
-11.0899	-11.0967
-13.3141	-11.4125
-10.6826	2.32512
0.689141	3.47062
8.40811	-4.15789
-3.79534	-5.77414
-4.89763	-6.57569
-8.18879	-5.25183
-3.02419	-2.85272
-3.54048	-12.5171
-11.1105	-12.1139
-9.12002	5.82614
6.10043	-6.39123
-7.74471	-4.98861
-5.28391	1.66048
0.244448	-16.4912
-18.5338	-12.4511
-11.6707	-0.418479
-0.0662242	-2.32972
1.88984	-2.2197
-4.15604	-9.44053
-9.74159	-2.31469
-2.39441	-0.671546
-1.41965	-15.9928
-16.1566	-1.08077
-4.06021	0.827107
-2.41165	1.81805
0.575316	-10.4077
-7.03322	-5.68337
-8.27373	-6.08372
-4.84651	5.20415
8.26764	-0.206269
-1.52527	-1.06069
-0.754658	-1.42709
-6.52094	0.87817
0.0483009	-1.13782
-2.1996	-13.0915
-13.9699	-10.6093
-10.1946	2.05911
-0.160541	-3.55458
-7.39907	2.53104
-5.92201	1.07864
-2.08034	-1.9356
8.10274	2.07298
5.90974	-14.9659
-15.897	-14.0723
-9.24791	0.59955
3.13879	-4.14428
-2.20488	-1.6228
-1.53156	0.608873
-3.37687	-1.44264
-5.00089	-3.37173
-4.86452	-4.33101
-4.83811	-15.9642
-13.5659	-10.5765
-1.72353	8.23487
8.42689	-0.634813
-8.6394	0.771293
-1.02632	-9.29845
-4.81624	-13.2452
-13.0941	-5.55435
-4.721	-1.09802
-0.597206	-8.74622
-8.52907	-10.1867
-11.6913	-9.71271
-8.48471	2.0181
2.24059	-9.58509
-8.4364	-0.490784
2.82821	9.66321
5.92675	-8.83622
-7.56392	-12.4804
-13.3914	7.19966
9.59543	-7.50091
-8.63901	-4.68128
-8.96068	-12.9231
-14.776	3.33297
3.77331	4.24826
1.73822	-4.83735
-4.9757	-2.81149
-1.66217	9.53278
9.19294	-10.6897
-4.30595	-5.45772
-0.551772	-1.79231
-12.3992	1.04259
6.55198	8.69597
9.73641	-6.32635
-4.9238	-14.1611
-15.3216	1.74116
-1.15699	-14.9532
-14.4366	4.34836
3.4395	-10.767
-9.60601	2.07599
2.32782	3.82003
11.1136	-8.82366
-9.45337	-12.388
-11.4905	-5.90774
-3.52768	-9.78909
-12.4628	-9.53868
-12.0595	-3.34861
-3.76087	6.15087
-5.81669	-5.51804
-3.00072	-8.11484
-6.92778	-0.271688
0.207354	12.9701
9.79279	-9.89004
-11.4759	-14.5028
-9.15799	-3.45279
-9.04839	-6.92368
-5.33303	-6.1045
-4.50423	-9.35036
-8.80298	-6.41674
-7.89313	3.43276
2.23871	-8.69178
-7.20919	-11.958
-9.69662	-13.7428
-16.359	-4.87794
-6.66862	9.45028
11.4599	-2.39846
-1.26885	-5.99374
-3.79972	4.50944
9.05841	-1.89308
-4.42759	-8.18768
-6.04097	-3.61905
0.23491	1.59891
-2.68164	2.09704
8.85363	-5.06375
-5.82096	-10.5954
-10.6734	-3.92583
-4.17272	-9.94647
-11.9148	-4.54355
-5.41619	-4.55293
-8.98154	-5.95054
6.74149	-3.07878
0.490094	-10.4313
-10.0834	-10.9844
-8.61103	9.62546
10.9017	-14.2967
-8.61057	-9.9558
-7.41324	-1.2502
-3.18636	6.9943
5.47651	2.67129
2.42874	-13.6573
-14.0238	-9.61751
-2.76308	4.31536
6.54954	-19.8466
-20.586	-7.96322
-8.49909	0.15063
0.297561	-2.81601
-2.61146	1.73788
3.49335	-7.74064
-9.07788	-7.01015
-6.74613	11.4635
11.4693	-16.724
-11.9655	-8.17709
-9.91353	-4.70105
-5.87116	-2.80513
-0.262009	-2.1683
3.29161	-7.60114
-7.74888	-13.1309
-11.5978	3.05443
7.01249	-15.2392
-11.621	-0.127425
2.10287	-10.6538
-9.59468	2.88917
5.5287	-4.59257
-5.3121	-10.5869
-11.1878	-8.8891
-5.4857	0.67903
-0.231072	-20.7765
-19.1658	-9.63571
-11.0424	-2.5656
-4.02459	-4.19869
-6.84339	-7.395
-6.24114	-10.4532
-11.5604	5.34813
4.86633	1.36931
0.97864	-19.6685
-19.6923	-9.64293
-9.9858	-2.31379
-1.25215	-3.21401
-1.47875	1.80483
-0.502693	-11.5456
-12.2269	-8.63844
-9.08634	-0.390623
1.3992	-13.9778
-12.4357	-12.5649
-6.5159	-4.6175
-5.16536	-9.32235
-7.08647	6.01662
8.89864	-6.47187
-6.5283	-5.48316
-5.32552	8.57309
7.27125	-13.0457
-15.6614	-5.93465
-5.34906	-0.597525
-0.519741	-8.43775
-8.76086	7.33357
5.37763	-3.74839
-4.77342	-2.85642
-7.64836	2.40602
3.86345	-6.52522
-5.3535	-7.59907
-5.01991	2.76952
0.708174	-6.74864
-4.37806	-0.727492
2.31454	-9.30034
-8.19067	-10.5127
-9.13532	3.74084
3.11303	-17.126
-14.2458	-10.6025
-11.8231	-2.74875
-4.46803	-0.685123
-1.60609	-5.04342
-4.41034	-10.8308
-12.2265	4.57245
5.38164	2.4499
0.688469	-2.31126
-7.0084	-4.80752
-4.84889	1.24269
-0.260401	1.05775
4.76407	-6.32251
-6.52763	-9.71013
-10.3257	-8.00309
-8.75913	2.03287
2.63739	-10.3859
-12.9115	-5.99979
-5.98403	1.44518
-0.69027	4.07812
-1.72927	-5.06266
0.398829	-6.62059
-5.9454	-2.91443
-3.93015	12.3072
9.20617	-14.4968
-15.3754	-2.66103
-3.14377	-4.50731
-8.26146	0.259346
-4.88117	1.01671
-2.7604	-3.26461
-7.93033	-5.81603
-9.532	5.41088
5.86528	-4.66726
-1.72672	0.0456373
-4.04079	0.382766
1.28583	3.14025
0.456989	-2.37783
0.681959	-8.73402
-10.2931	-13.4056
-13.6867	-2.24544
0.599701	-7.48352
-9.94571	-4.03717
-4.48216	0.811028
2.6858	-0.10469
-2.67398	-6.4737
-2.37579	-4.32584
-4.37383	-6.26284
-3.37083	10.6601
7.39607	-10.1588
-10.4892	-3.01827
-1.36904	-6.60194
-3.51206	-12.4622
-6.20891	0.741647
1.21438	-7.92286
-9.26915	-6.98209
-12.6856	7.54577
7.14994	-6.48546
-17.5741	-8.7719
-4.92754	3.22989
6.4068	-3.71129
1.40166	-0.366945
0.872115	-9.82992
-8.89592	-14.7916
-15.3517	-2.34241
-1.98786	-11.4327
-11.3429	-6.81205
-10.9798	-2.14629
-6.90214	8.86876
4.07893	0.532374
6.98539	-6.07104
-6.74203	-5.09832
-4.8393	-1.94648
-1.57435	-5.20281
-6.722	-12.1905
-11.6378	-14.1588
-14.6684	-0.249327
1.13991	4.46366
2.89465	-5.81161
-5.15732	-6.2679
-3.34557	9.98671
7.32373	-6.47823
-9.66269	-8.17855
-6.81157	-8.72502
-9.27306	0.0583532
-6.08954	-3.78681
-1.15026	-3.58104
-12.502	-8.56306
-6.34495	0.117955
-4.7878	-11.8642
-7.92217	-0.460447
0.0429113	-1.4969
0.138826	7.93473
-1.98398	-2.02676
-6.23333	-22.184
-20.8866	-2.22187
-2.79546	-2.43139
-1.18138	-4.46284
-9.61427	-5.24999
-4.98231	2.33223
-3.70988	-4.92925
-6.8684	-0.32722
0.0622766	-10.128
-10.3075	1.44047
3.4929	11.4114
11.7342	-19.3605
-12.7003	-6.73656
4.28184	-3.53394
-3.02413	-1.01479
-0.0615497	-0.317602
-0.15838	-15.4978
-16.2325	-15.8041
-16.7444	6.8136
-3.44761	-5.45196
-15.1747	-9.27338
0.148889	-5.32376
-17.4281	1.45545
4.24712	5.96352
7.06458	-2.17526
-2.28642	-8.01546
-6.36832	-0.876855
-0.315415	-9.3523
-9.22339	-5.28138
-1.15502	-18.1341
-8.81847	8.84306
8.56014	-5.4629
-4.16815	-5.105
-5.52221	-9.94892
-10.7076	-4.28432
-0.55498	1.48292
-0.102032	-1.93973
0.186151	-6.85912
-5.0693	0.698987
-1.68636	-3.24333
-2.10292	-11.556
-10.8717	-6.81015
-6.77702	-1.22592
1.7063	2.10988
-4.97083	0.519689
-2.71392	-2.68532
-1.25313	-3.54901
2.05498	1.42033
-3.65535	-15.0571
-16.5748	-10.7123
-10.2198	-0.905741
2.26982	-9.0184
-6.6604	-2.26323
-8.12932	-8.40377
-0.774792	1.71936
1.34488	2.81786
4.01225	-15.2999
-14.2964	-10.6793
-13.1933	2.51848
1.50227	-9.12325
-1.87647	-6.00746
-8.46161	-0.563928
-0.966922	-2.74114
-5.60956	-15.6329
-15.359	2.65113
3.61171	-3.85147
-4.27185	-8.08582
-10.4106	2.90281
5.05462	3.22132
0.71453	-16.0805
-9.99505	-10.1101
-9.64451	-3.84851
-3.20408	6.92587
1.59589	-21.0261
-18.7358	-9.50584
-4.67396	-3.36887
-6.41885	-0.537695
-3.20217	-7.14387
-10.135	0.323349
3.13476	3.30708
-3.02069	-3.58992
-8.46814	-17.6214
-8.22001	1.2197
-5.21339	1.35082
-0.53637	-12.4083
-13.0318	-13.542
-13.4961	-7.70047
-11.0947	4.07966
3.98717	-3.43496
-0.370297	-3.66295
-6.47011	-1.83911
0.674951	7.94513
5.47162	-6.1143
-7.31564	-4.99734
-0.0492348	0.422545
-4.77059	1.63015
2.99112	-2.55446
2.26663	-10.7972
-11.6329	-7.61152
-5.93729	-1.3361
0.200375	-9.28991
-18.3767	-4.50412
-4.35828	-5.28098
-5.87421	-3.53744
-5.90354	3.49407
-2.07551	-13.9535
-13.5853	1.64674
0.886313	2.66586
4.65091	-16.6836
-14.0844	-12.0095
-14.4343	-1.15104
-2.52384	2.48266
-1.48019	11.336
12.7675	-3.45171
-2.86555	-7.26344
-5.6276	-4.07339
-3.59812	-5.92739
-3.6468	-2.83502
-3.78863	0.0856752
-2.90709	-3.69505
0.6905	-0.0219221
1.46025	-9.23742
-17.2775	-7.09685
-9.44382	1.16954
6.07392	-2.34668
-1.58098	-5.29747
-6.89815	-10.3242
-15.677	2.19958
2.33455	5.48485
6.17556	-3.67483
-3.60476	-12.6934
-12.85	1.95524
0.218266	-11.3879
-12.3645	-1.11202
-1.20158	-15.1142
-15.2156	-3.67821
-4.17629	8.72369
9.10771	-5.22718
-5.15675	-10.9743
-10.0555	-0.225514
0.949869	-11.7036
-12.2822	-2.36369
-2.58232	-17.6887
-17.891	-0.938103
0.581182	5.70981
8.16526	-9.04577
-8.7674	-7.88418
-11.101	-6.71088
-7.97517	-6.66597
-6.31523	-8.70048
-7.46376	-2.24481
-0.408406	8.19499
8.20049	-3.39715
-2.66874	-9.90867
-7.67435	-11.9646
-11.6747	-0.784852
3.42475	-4.34452
-5.49236	-4.95759
-6.4332	-4.97061
-4.1465	-8.49139
-4.57671	3.4424
6.51472	-6.93
-7.73934	-12.4871
-13.4089	-5.28138
-3.42206	-2.57556
-3.5603	-6.18067
-5.93063	-8.03062
-9.33413	6.20745
1.48401	-7.57677
-4.3214	-20.0898
-20.228	-6.9879
-0.72668	-2.5339
-3.34595	-1.74255
-4.11338	-8.95806
-0.655436	0.356321
-3.62709	-2.48066
2.73427	-4.27438
-0.75532	-16.5807
-14.4033	-11.6409
-10.3554	-0.249373
-2.83238	-10.1031
-6.1281	-8.485
-8.32237	-2.10322
-6.61302	-2.43795
-2.31683	12.1643
11.7535	-4.94287
-4.8294	-17.6085
-17.6133	3.301
4.31095	-11.3519
-6.06138	-11.2451
-6.98336	-8.03054
-9.83761	2.86378
7.08064	3.71011
7.86292	-4.61887
-4.25747	-2.1073
-5.03828	4.03466
2.98402	-1.32605
-5.29654	-3.68967
-5.35293	-4.10029
-1.97275	-0.922843
-2.19229	0.224856
-0.0724998	-11.5733
-7.58678	-1.39546
-1.25808	2.98362
4.82293	-11.3755
-11.5178	0.165928
-5.04272	-12.7697
-10.9059	0.510509
-6.40323	3.10395
0.00798736	-1.75139
-0.522203	-5.97143
-4.72649	-7.3997
-8.18588	-10.5155
-11.0115	-0.347052
0.765745	-6.07796
-9.27087	-8.89667
-8.6518	4.55513
7.46505	-3.09713
-3.83533	-11.5624
-11.9041	-13.3471
-13.3422	-4.4896
-2.74904	4.37662
4.34676	-8.67262
-9.33376	0.621887
1.23078	-1.99789
-2.99027	-5.52434
-5.70334	-11.0671
-10.3761	2.1885
5.90578	-8.16937
-6.01877	-12.9799
-11.4443	-5.78738
-7.39821	-0.324096
-2.49653	-6.93018
-9.1886	-6.34689
-6.72926	-1.91942
-0.275539	8.87344
8.41413	-18.1061
-17.2115	-3.35363
-8.02126	-7.24157
-2.29507	-0.975878
0.228276	-4.51068
-1.53578	-8.38437
-7.14401	-7.11366
-10.4076	-2.03386
-5.06079	-9.55015
-8.04565	-9.4162
-10.0194	-3.59806
-1.12715	3.29874
0.495554	13.0235
8.05351	-6.49319
-3.47453	-11.9136
-13.4136	-9.49391
-7.72888	-6.30795
-2.76923	1.46941
-1.47473	-6.18435
-7.53121	-8.05843
-4.2235	1.07383
-0.475804	-10.7269
-12.2203	-11.5639
-15.1677	-6.34816
-2.29366	-12.4688
-3.50206	-4.32174
-5.54294	4.88823
1.29311	-6.13422
5.24677	6.88658
3.62265	-14.9404
-15.1473	-11.8463
-0.0115602	2.11308
2.43323	-3.40441
-1.78479	4.32724
4.46917	-0.484927
2.38904	-4.76382
-4.15544	-14.2536
-17.0867	-13.8567
-13.6591	-2.46242
2.07162	-4.85552
-3.03244	-0.00352744
-1.5698	1.61555
-2.79492	1.13087
2.58845	-2.67277
-3.26046	-20.0646
-19.1841	-10.3289
-9.09099	2.90993
1.47364	-8.40525
-9.66905	-9.21841
-7.93522	-2.6682
6.3567	5.0886
-2.73341	-0.927415
-5.64661	-17.7058
-14.2778	-1.34965
2.26247	4.55869
3.59296	-18.7394
-18.2677	-5.2236
-4.52185	-3.04523
-6.82953	-6.36577
-5.99319	1.45131
-0.483031	-4.09214
-5.01202	1.28061
-0.675448	6.46255
6.02675	-12.6347
-12.4127	0.487931
1.42203	-12.4088
-10.2997	-3.18855
-3.72619	-3.65841
-4.7356	-9.10822
-10.456	2.28214
1.38688	-2.29248
-2.3907	-3.28413
-6.30282	0.0488653
-4.52891	-3.64966
-2.59197	2.59526
5.22588	-6.31483
-4.47326	-9.40358
-9.66172	-9.39549
-9.7529	0.269139
2.14418	-6.55701
-6.13536	-5.72186
-5.5957	-5.55827
-4.10674	-0.232569
0.276601	-4.55813
-7.47137	-8.52619
-9.01229	-5.54354
-2.6738	4.54097
4.27993	-18.283
-18.0309	-0.24274
2.28143	-5.25705
-7.20027	-7.59366
-9.15277	2.4877
-0.512762	-10.2007
-9.2487	7.20938
8.43607	1.07629
6.09047	-7.76035
-6.35237	-6.15748
-1.69736	-3.8823
-4.94905	-5.54207
-3.81854	-0.177859
-3.01773	-5.09558
-6.14796	-0.882803
-0.163736	5.99243
2.17813	-0.773203
-4.34618	-7.57947
-0.287668	-2.51543
-0.216853	1.08833
0.411925	-3.82411
-2.73382	-9.19334
-10.3062	-7.6869
-8.34567	-1.65429
-2.44401	-7.45223
-7.68561	-7.20202
-7.07878	1.55695
1.40236	2.83996
3.79344	-7.19608
-7.54329	-11.2068
-10.8117	-8.37963
-2.38287	6.69321
9.7028	-13.1966
-12.7522	-11.3448
-9.04133	-4.61887
-1.00469	4.2612
3.3251	-5.17901
-6.40315	-6.05491
-5.46268	-2.72324
-0.633791	10.2496
6.55091	-12.0923
-12.2442	-5.5681
-6.31322	-3.07344
-2.52369	1.78214
-3.9349	0.118412
2.81034	-10.1138
-11.4414	-4.82285
-1.48907	-1.57168
2.0629	1.58317
-0.923586	-3.04283
-0.20674	-8.39866
-8.31778	6.21271
4.97922	2.60964
5.07992	-6.06806
-6.6323	-13.692
-13.5126	-5.19069
-5.02604	-3.1471
-1.54485	-7.26183
-7.38914	-6.82699
-8.85404	-1.63036
-9.80022	-0.723349
-2.98696	-7.18266
-5.61927	-6.35213
-11.269	-4.35361
-5.31381	-2.97483
-2.22728	-2.26629
0.651361	-7.40334
-7.99262	6.91832
5.54984	-4.59287
-5.9569	-10.6732
-11.3495	-11.0026
-10.5873	-0.342028
0.320391	-15.3921
-15.257	-8.58997
-8.71622	-5.15021
-2.77961	-0.51679
0.534001	-5.08915
-5.42852	-4.92364
-10.8398	-3.76565
-4.58077	5.02217
5.20543	4.78243
-0.752532	-3.66549
-3.58035	0.136474
1.98101	1.01897
3.17459	0.68221
-3.47577	-5.24067
-5.67623	-4.00456
-3.8832	2.19551
-0.124167	-12.0891
-10.3659	-8.92981
-8.46584	-9.52518
-8.85019	9.53454
5.93241	-2.35112
-3.23906	-9.29168
-9.82572	-12.1679
-11.7574	1.26655
1.94626	-6.0561
-5.98955	-10.2281
-7.35343	-3.29442
-7.81803	0.577756
3.05183	-4.23608
-4.2485	-5.84554
-5.18519	-4.55218
-3.01771	2.56181
3.42058	-9.76152
-11.2289	-3.73543
-3.79346	-6.43552
-6.02267	1.76642
-0.635433	2.24362
5.0867	-3.30756
-2.2053	-4.59296
-3.42145	-0.256913
-3.41553	-14.1568
-11.7691	-7.25201
-6.56134	-0.744595
-3.16378	-11.4631
-9.84164	5.0069
11.7125	-2.22111
-3.15883	-12.2245
-12.6849	-15.2823
-12.3011	-1.96411
-4.27998	-1.29522
-3.11368	-4.17531
-3.57649	3.46942
4.54098	1.42983
-2.76654	-9.76352
-8.7989	-10.9004
-8.99057	0.197254
0.601532	-17.494
-15.0131	-9.20089
-14.385	5.28463
-2.44974	-6.88559
-5.63121	-1.2184
-0.877994	-4.50998
-3.65706	1.82651
-0.853292	2.84294
3.984	-3.85613
-3.17423	-9.24465
-10.4328	-2.03215
2.18983	-7.2069
0.965382	4.22898
1.92665	1.82627
-3.156	-5.59402
-6.51226	-1.70568
-0.953573	-6.85881
-6.18011	-3.09188
-1.61243	4.76279
1.57362	0.662554
-0.789244	-3.27151
-3.71707	-7.28902
-2.24526	-4.00376
1.05383	-3.25457
-5.80123	-6.85951
-7.76644	-14.3193
-13.8934	-7.1293
-7.02981	5.38244
3.77803	-6.28553
-5.60537	-5.02991
-3.81907	3.86262
6.87515	-5.42735
-5.91993	-10.3628
-9.10987	-11.0072
-13.0358	-3.25524
-2.15462	-6.82455
-6.50791	-1.31412
-0.958323	-3.11722
-2.45878	-0.52936
2.74097	-0.243793
0.00497787	-3.71482
-7.78513	-5.83936
-1.56999	-4.14462
-4.43249	-4.24733
-2.77578	-10.9812
-10.7913	-2.93643
0.1928	2.20619
6.28491	-6.76209
-6.66003	-10.7732
-12.6558	-1.93811
-2.39774	5.28592
2.78497	0.103399
4.37165	-0.489124
-2.66422	2.49838
3.54035	3.96821
9.05939	2.53419
-9.37439	-7.32611
-7.76619	-2.48586
-2.03222	-4.67763
-6.19071	-3.79912
-2.65961	-8.69095
-7.5648	-10.304
-8.72489	-6.01852
-8.57421	0.930679
-0.700389	-4.14796
-4.319	-1.8095
-1.82618	5.82138
4.67518	-9.0722
-9.61127	-0.916193
-0.597454	-6.76401
-6.17819	-7.07221
-9.54739	-0.0846588
0.973592	-4.94687
-4.77225	-4.1542
-5.53874	7.83461
8.29071	-9.98929
-10.4658	-1.72211
-4.00569	-10.9602
-10.1907	-7.03665
-6.66047	12.9558
14.3484	-5.95627
-6.26462	-9.04962
-8.69339	-4.80907
-6.88768	-10.098
-3.9636	-3.22464
-3.24014	-5.50037
-3.95527	4.11334
7.99976	9.65898
6.62089	-9.85274
-9.47861	-12.1855
-11.0555	-12.8518
-13.8448	-4.99042
-5.37903	-0.302705
-0.791792	-7.24434
-7.11734	-2.42057
-6.23638	9.99221
7.96673	-4.11369
-1.46637	-7.12888
-4.7629	-3.11348
-2.54738	-1.4542
-4.83652	-0.846414
-0.843026	-5.94752
-8.91193	-8.45589
-9.05792	-2.37563
-4.02452	-5.83032
-6.06332	-4.53306
-8.72712	-5.09661
-13.6515	-0.109194
2.49406	-0.956468
-0.0822468	-6.58524
-7.79233	5.1603
4.84782	-4.83995
-7.14909	-12.0962
-10.0289	-16.801
-13.2481	1.64297
6.1681	-5.09432
-13.7311	-3.56018
-2.53118	-5.37197
-3.90025	6.19406
7.34044	-2.94139
-5.55718	-10.12
-10.0134	-16.8416
-14.0896	2.42384
5.52169	-13.1208
-15.6569	-12.5222
-15.3777	4.71135
-0.940438	-5.86515
3.01741	0.77787
3.54887	-2.69443
-1.75183	-1.44537
-1.91105	6.42805
2.38513	-6.51156
-8.28368	-11.316
-6.77692	-4.7893
-6.95086	-5.24134
-3.59701	-0.436835
-2.75304	-2.47132
-4.44577	-5.04678
-10.7452	3.56326
2.5816	-11.4016
-14.2333	-14.2229
-9.1284	2.74762
2.70447	-2.95654
-1.89729	0.586968
0.000834885	-9.80769
-10.2972	-2.70936
-2.18887	1.66389
1.94858	-16.4159
-16.5104	-3.82026
-4.07846	-2.87594
-5.4835	-8.10139
-7.02335	0.652387
1.35987	-3.2411
-3.51347	-0.0943564
0.260686	6.92943
5.80921	-6.74949
-10.0009	-5.69954
-6.14455	-0.17993
-4.15336	-4.00785
-9.85395	-5.07502
-4.08903	-4.0626
-4.93827	-3.18739
-7.54249	5.69991
4.60256	-6.96101
-5.45407	-2.31407
-1.76035	-0.876707
-0.268354	-0.262778
7.11653	-0.277226
-0.920095	-5.95487
-7.91227	-8.38934
-8.11449	-3.91159
-0.158902	-14.7496
-14.7679	-5.18966
-8.66573	7.86736
4.18866	2.03794
0.807601	-7.74526
-10.9763	-5.06265
-7.46733	-2.72689
-2.83241	6.92068
6.0249	-7.56473
-7.67881	-9.83133
-6.63534	-8.50492
-8.14729	-0.431398
0.144894	-0.894139
-2.754	-5.66647
-4.86273	-0.30249
0.323263	9.97677
4.65616	-7.8349
-5.93334	-9.51982
-12.2913	-8.54311
-7.71745	-3.1698
-0.922541	4.21605
-2.74354	-12.1261
-12.845	2.06006
-3.84279	-3.1971
-2.43796	-1.80256
0.349054	-1.81694
-3.61218	-1.72899
-2.04342	-3.42596
0.316613	-14.6434
-15.7374	-14.4159
-13.4041	-2.19254
-3.21575	-3.20516
-2.82296	1.4139
-5.90697	-3.46567
-9.36979	-7.38544
-8.43127	-1.46558
-3.90665	-6.53302
-7.24042	4.7901
5.24342	1.27483
0.517418	-16.4178
-16.7765	-9.69484
-9.66705	-3.13509
-0.709811	-1.26815
0.486104	-5.39882
-5.76571	-9.27614
-8.74401	-1.41174
-0.780253	2.51713
4.4553	-14.8338
-13.3284	-6.35284
-8.0181	-5.51613
-4.60265	-0.492329
0.284786	3.52491
-3.24723	-14.3099
-17.0332	3.67868
3.43021	2.8634
-0.0674285	-5.04239
-4.99714	-1.83296
-4.44911	-3.05931
-3.5019	-1.18929
0.110076	-0.840883
-1.65741	-11.5636
-11.8691	-0.974981
-1.53978	0.0835404
1.59444	-17.8659
-17.1974	-2.33292
-2.68851	0.380153
-0.475281	-8.97471
-9.72669	2.63944
2.83177	-6.04422
-6.13985	-2.61368
-4.32555	5.87519
6.76132	-15.4635
-16.48	-0.087507
-1.03353	-6.92637
-7.33366	-2.10492
-3.90223	7.96805
4.98086	-3.53866
-4.153	-1.13594
-1.27504	9.16656
8.91528	-5.25949
-8.87987	-5.98482
-8.73632	5.74844
7.16013	-4.25164
-1.527	6.82345
7.78233	-8.18901
-8.47119	-15.8753
-14.133	-9.40473
-10.6269	-7.27412
-4.85876	-2.50648
-5.03524	-13.0095
-16.5363	2.50129
3.25229	4.82109
5.44743	-5.5973
-6.70364	-7.30816
-5.36842	0.680074
-0.176118	-3.13664
-8.81681	2.22201
-3.00927	-5.24058
-3.53095	3.339
3.88022	5.27687
-5.59656	-22.7112
-19.7172	-10.2026
-7.34095	3.81015
4.50526	-6.53121
-10.3846	-6.72795
-6.45712	-0.771869
0.678825	-3.35203
-1.45677	0.430041
-0.841052	-11.4913
-11.7547	1.8373
-0.180138	6.54516
4.77623	-10.4074
-8.07903	-11.8063
-12.8147	-0.427168
-2.02535	3.12716
3.06885	-4.84237
-5.66938	-9.18629
-10.3094	-12.6553
-12.8664	-6.86823
-6.79587	1.15087
2.41141	-9.54363
-9.66445	-2.52477
-4.38495	6.17018
5.04043	-2.44764
-2.83489	-5.74463
-4.65269	-7.63586
-6.19333	-0.434039
0.984518	-3.08255
-2.56843	-10.8749
-10.8601	-6.06088
-7.18929	0.619338
0.428092	0.58152
-0.62149	-5.70537
-5.76611	-2.99819
-2.33356	6.00428
2.49666	-2.47872
-4.57117	-7.63739
-5.89762	-11.3355
-6.36734	-0.415606
-0.783118	-7.45695
-7.04651	-4.18417
-4.25453	-5.45723
-5.57136	0.850632
3.85297	-4.52578
-4.21798	-4.23884
-5.317	-3.11612
-1.76949	-10.6148
-8.87073	0.117872
0.735101	-5.1048
-5.88816	-8.90223
-8.44104	1.65635
2.45457	-6.56524
-8.49699	-11.9199
-11.2553	-1.99845
-1.33189	0.0482456
-0.26433	-7.06092
-7.0652	-11.0029
-8.76594	-5.86009
-3.16599	2.5333
2.35241	-2.22698
3.85991	1.915
-5.76499	1.7905
0.250605	-0.208278
-5.31596	-4.7443
-2.06671	-18.4842
-15.6646	-9.8775
-5.28801	-0.0823062
-2.39847	-4.11332
-6.93401	-7.01493
-4.96403	-3.11356
-3.48516	2.08243
-1.07778	-4.3338
-4.73714	-12.5514
-10.0626	-6.13012
-6.04312	2.96739
0.259123	-9.70602
-10.2005	-14.9772
-12.0654	-3.75478
-3.30237	4.41576
3.13983	6.03555
5.76274	-8.51428
-6.36859	-5.55703
-4.90121	-5.8287
-5.2249	-4.13245
-2.8466	-8.47714
-6.44044	-19.1685
-16.2196	4.73301
9.73863	5.4869
-0.670247	-16.6405
-18.5792	-6.88851
-7.42637	-0.224658
-4.46222	-7.08978
-5.35761	-11.3484
-11.9111	2.00222
1.09395	1.13928
-7.30161	-8.07277
-3.1902	-18.7976
-17.7273	-6.14303
-5.46009	-3.51137
1.91129	-3.74807
-7.28553	-6.37541
-11.3144	-0.870388
-1.65486	4.75647
2.40471	-1.79284
3.67927	-4.10547
-2.61354	-11.5038
-10.3222	-6.48081
-9.12401	-11.9505
-11.3044	-0.904719
1.0628	-3.86458
-3.14803	-11.4842
-12.8471	6.30455
6.13066	-0.967643
-0.489632	-8.16071
-8.50819	-17.4686
-16.6315	-11.0088
-9.35354	5.13156
2.19942	-9.47527
-9.08823	-3.17049
-0.54016	8.9914
7.41498	-5.74625
-5.52562	-11.5298
-10.4566	-14.3705
-13.5137	-5.62936
-5.0228	0.915603
-2.50176	-11.1023
-13.0398	7.66326
4.49526	1.77899
5.97907	-5.59666
-5.23886	-8.24809
-6.99856	-4.07507
-0.316328	-13.5522
-15.63	-14.2752
-13.4943	-3.12427
-4.06909	5.4437
0.967725	0.930336
-0.360834	-8.0665
-8.50327	0.904259
1.08382	1.9724
3.3671	-20.3323
-22.0679	-4.65577
-3.01694	-4.55674
-4.62973	-2.9466
-3.63571	2.57087
4.32473	-10.0769
-10.1398	-2.08835
-5.31451	7.92546
1.89524	-8.70973
-3.89138	-3.22577
2.44997	-1.60703
-0.520662	2.14169
-2.57854	-8.03656
1.3946	-15.2145
-15.9699	-11.7175
-14.5202	0.886807
1.77973	-3.31978
-2.52056	2.72278
-1.93175	-0.602584
-0.691027	-2.11779
2.94596	-5.67805
0.976033	-18.0342
-15.6289	-14.8124
-12.4872	4.14196
1.36493	2.5904
-4.2535	-1.22601
4.66911	2.87223
6.95288	-0.621853
0.727614	-2.67625
-6.391	-17.7398
-18.2324	-7.87119
-8.40895	0.221106
-1.75446	-1.03261
-9.51803	-2.87997
0.644029	5.57496
-0.335485	1.62667
-0.320525	-0.333761
-0.929459	-14.5962
-13.5817	-8.67952
-3.46864	3.85804
-0.930004	-1.23128
-1.6491	-10.8308
-11.5225	-10.2974
-11.7494	1.77929
0.496971	4.61551
6.4878	-6.19301
-4.07816	-14.1316
-14.3844	-4.30294
-4.76095	-6.49673
-7.74597	-3.96238
-2.63176	-4.68671
-2.83283	5.97673
5.9666	-4.90133
-5.88941	-7.9575
-9.99726	-3.69957
-4.18422	-1.85142
-9.36065	-6.30977
-8.13836	-3.15278
-7.88998	-3.36501
0.688447	-5.96424
1.5064	3.24084
1.25024	-12.5346
-10.7391	-7.36792
-10.4764	2.89648
-1.64541	-1.33614
-4.08533	-2.86649
-3.70356	1.85441
-6.32152	-0.89418
-1.21671	-7.43371
-6.7734	-5.57906
-9.37637	-12.8938
-12.906	-4.51389
-3.68169	-10.1671
-9.35416	-5.34073
-7.22369	11.8404
10.5372	-1.69632
-4.07508	-1.92266
0.255574	-11.0047
-10.8317	0.0892053
1.66841	-0.938396
-0.48828	-10.7284
-11.2021	-4.87506
-4.50134	0.206519
-1.5646	-1.65868
2.25003	-3.32573
1.4667	-4.74251
-5.52019	0.246821
0.0282688	7.93934
6.69147	-12.5606
-15.0218	-3.79933
-7.28624	-3.03397
-2.16915	7.28865
9.49979	-1.74629
-1.59669	-10.5549
-10.4208	-10.4029
-10.2536	-3.11493
-2.79744	-8.89803
-7.40895	-13.7371
-7.23663	-1.53525
-7.74419	3.02573
3.01602	1.91456
5.40133	-9.47779
-10.3884	-9.29673
-9.67564	0.233578
-1.67337	-7.1188
-3.32836	-3.98822
1.63923	-5.81942
1.1052	6.90143
-6.15853	-5.96371
-1.2299	-12.8752
-13.3306	3.9699
4.54997	2.59853
2.61302	-17.4006
-14.6519	-2.59101
-0.861557	-5.84342
-5.77922	-3.98354
-1.33669	-1.13202
-6.30881	-10.6764
-10.7571	-6.92526
-8.84426	-2.06832
-5.64194	-12.9794
-10.9344	-6.2728
-6.74193	3.3392
2.82025	0.389539
2.37219	-9.42065
-7.29542	-12.4049
-11.562	-11.5258
-9.47372	-2.01461
-2.18751	-8.64912
-11.3334	-6.78073
-6.87708	2.24117
1.61099	1.52266
-3.31173	-6.04955
-3.04492	-5.06082
-5.00928	1.03365
-0.350857	2.19139
4.19235	-6.27996
-9.26024	-9.13328
-11.2371	-1.48708
-2.35371	-2.88116
-0.406643	-6.18299
-4.03455	-11.1395
-11.3937	-2.80985
-4.36412	0.0513986
0.126227	-10.6195
-8.23959	-7.66014
-9.99392	-0.360953
-0.935023	10.5076
13.0928	-6.73918
-5.84146	-8.6568
-7.31976	-9.56337
-7.98718	-0.369711
-0.245251	2.4921
2.79002	2.52321
4.6212	1.34851
-2.30258	-1.16735
-1.46782	1.63169
0.903801	-19.2849
-18.7248	-6.38643
-11.7826	-5.44427
-5.85095	-2.91341
-1.25729	-1.34119
0.98073	-2.42779
1.1035	4.36429
-6.10798	-3.45634
3.42331	-10.2318
-11.5749	-10.9052
-9.58083	-4.02222
1.78092	-1.13957
-1.71071	-4.04575
-6.38894	-18.707
-16.4367	-0.410435
-0.134961	4.26764
4.89429	-6.01373
-5.67561	-1.1615
0.858801	-4.94278
3.29116	-2.39384
-4.4568	-8.86795
-11.8728	-2.51521
-0.902854	-2.44821
-2.26786	-3.69535
4.03263	-11.0686
-14.4165	-8.48064
-4.46862	1.31145
-10.1216	-5.28422
-5.6695	-4.71748
-4.31815	-6.84875
-6.23377	9.08816
3.35481	2.74374
1.83627	-7.58494
-6.53696	-9.18242
-9.91787	-0.196706
0.207551	-7.3094
-7.18144	0.172443
-1.59911	-10.3948
-10.3256	-2.32736
-3.55729	0.275442
1.21106	-6.01824
-6.30596	-3.41471
-6.82488	4.76024
3.70475	-5.05219
-5.51978	-4.90468
-5.79008	-10.8424
-8.57166	7.5059
7.81903	-11.6181
-10.4383	-11.9548
-11.8205	-4.93675
-3.79082	1.30792
2.59022	-10.1946
-12.6666	-11.7461
-10.5649	-2.72674
0.992817	-0.52373
2.56269	-4.26501
-0.0776127	-9.09087
-7.61895	-9.32926
-9.88481	-1.40958
-3.64504	-4.33495
-4.48411	-2.71782
-0.200346	-11.8938
-9.3152	0.00217319
-2.15152	3.71804
6.58227	-2.71072
-2.34831	-7.13257
-6.12996	-7.50162
-7.32112	-9.04545
-6.89976	-6.26321
-8.03594	-15.1826
-6.5621	0.391463
3.98189	9.41263
10.1081	-4.62293
-8.25243	-16.4398
-14.6352	-5.70379
-5.44206	-13.5515
-12.0887	-3.20817
-3.20151	4.40379
0.64528	5.89748
3.8939	-3.45782
-3.62277	-9.46519
-10.7974	-11.1018
-11.4836	-1.02108
0.566834	-16.2725
-12.0739	-5.39508
-0.957614	-8.89376
-2.69629	10.3351
4.75334	-0.86471
-14.3619	-16.6344
-9.47824	-8.72078
-6.87342	-5.63263
-2.34305	-8.64273
-10.4201	-11.9274
-9.09875	-0.400044
3.19947	8.79939
10.7011	11.7791
2.72189	-12.9067
-11.9689	-10.5946
-12.2418	2.18989
-2.62146	-6.4369
-10.2455	-5.48118
-2.7215	0.596748
3.64937	1.16554
5.89372	-4.19904
0.180974	-14.9269
-4.91363	-4.81883
-4.20292	-0.715079
-0.94289	0.219441
-3.4066	1.7157
0.188759	-4.97039
-2.02553	-15.1074
-15.6698	-15.1753
-13.161	0.61471
5.43675	-2.73023
-0.965851	3.63075
-11.2552	-3.0559
-2.21065	2.12767
4.83277	0.632495
-1.94175	-8.53866
-8.9212	-13.3604
-13.5026	-5.98981
-4.95628	-3.48843
-3.98891	-4.60585
-4.77213	-2.32125
-2.23669	7.59354
12.4666	-5.61632
-3.39267	-6.77947
-6.77632	-4.78453
-5.97038	0.0671745
-4.91755	-2.34142
-2.4681	-9.01622
-4.98777	1.74273
1.24829	8.69673
6.24615	-8.79401
-8.65415	-11.4226
-11.1421	-10.9841
-10.9887	-3.28791
-3.13419	-8.99526
-9.27164	-10.858
-12.8073	-6.88539
-4.72884	-0.462036
0.0362511	-0.217368
-0.231476	-10.1017
-11.4544	3.05905
2.57325	5.71882
4.97473	-18.9333
-18.0548	-6.64054
-8.15344	-6.49034
-5.8499	-5.91342
-5.53869	1.93366
2.40344	-11.9957
-11.987	1.65455
0.205114	-2.38419
-1.99119	-20.0397
-18.3626	-6.87617
-6.3516	2.55735
3.16512	2.8004
3.28127	-2.78143
-4.14542	-11.1527
-9.89741	-12.9026
-14.8198	-0.112658
-1.67385	-11.3473
-10.9853	-9.62826
-14.387	-0.242452
3.60993	4.66542
1.07001	-8.25654
-4.5534	-12.4373
-12.7626	-10.6311
-14.5653	-2.37084
-1.53273	-13.4971
-11.8592	-5.06935
-5.42742	-0.702365
-7.74621	0.511247
9.50645	0.0949115
2.68855	-13.1041
-13.8427	-12.0229
-12.0345	-1.74795
-0.0204361	-5.42365
-7.71033	-1.74221
-2.8687	0.970936
-7.32541	-2.46076
-3.07262	5.83605
1.22601	-3.74854
-4.10883	-10.6673
-10.343	-8.15384
-0.389228	-6.11817
-8.46925	-0.661883
-1.60968	-7.64751
-7.64526	-9.45056
-8.15154	4.97887
2.46551	-4.82528
-3.34502	-4.59498
-1.37728	7.07494
1.63582	-3.92489
-4.20473	-4.15494
1.91055	-3.1362
-6.70385	6.8656
12.0986	-1.03685
-8.76443	-20.9031
-19.6899	-0.0562032
-2.72449	-5.50933
-5.07439	0.726311
1.50554	-7.79335
-4.36377	-5.27443
-1.37644	4.55117
-0.768328	-3.47822
2.23215	-10.0477
-10.5344	1.55695
2.36168	4.20818
4.11	-17.8422
-17.9178	-6.88782
-7.23199	-4.20553
-4.03127	-10.5273
-11.3844	7.91178
8.09405	-11.1025
-10.927	6.86259
6.94838	6.80326
4.39391	-18.8226
-19.3978	-0.660817
-2.11223	-3.1031
-4.7741	-11.3722
-11.2685	7.63228
4.7582	-11.0233
-8.20203	-3.68766
-1.94076	-0.557513
4.86417	-7.50275
-8.26218	-0.0633458
1.2356	-6.72137
-6.6533	-3.30291
-5.22408	2.81991
3.63548	-11.1427
-13.1549	-5.15747
-7.92938	2.66022
0.242321	-6.35417
-8.58195	-2.57362
-3.87736	-9.54311
-14.4409	-9.32008
-5.22964	8.4231
9.91277	-7.91489
-10.4899	-3.21142
-5.41035	4.81661
5.38621	2.76998
2.69765	-7.54806
-7.69097	-7.38573
-5.07947	10.7899
10.3285	-5.76937
-0.433783	-20.9132
-21.5045	-2.85716
-2.10465	-1.92592
1.36863	-1.4114
-5.0527	-13.7833
-6.77737	-3.54181
-3.74324	2.72897
-3.7058	1.47563
0.915317	-11.4512
-12.5578	5.27384
1.5906	5.69117
5.60471	-15.5027
-15.1828	-10.7216
-13.5969	-9.2986
-9.2722	-3.78136
-2.55196	0.63343
-4.32519	-8.70057
-11.2925	-7.26499
-8.64984	-0.779896
2.20662	-4.61727
-4.54716	-0.280852
-4.34755	-6.1188
-12.3264	-3.3544
5.66216	-1.94218
-3.56395	-3.58752
-5.44485	-6.17137
-4.80798	3.3637
3.53017	-11.7801
-11.2355	-6.88531
-4.21541	-20.8789
-20.6013	8.85746
10.3987	-1.35063
-5.29141	-5.58955
-4.58382	-9.00401
-10.9296	-4.05764
-2.1385	-1.36534
-0.916758	0.246137
-1.31814	-5.73818
-4.95362	8.02421
5.69381	-3.09625
-6.39213	-4.45612
-5.73911	-6.12477
3.63529	-0.749258
-0.336527	1.79303
4.47538	3.76571
-7.20576	-5.52166
-3.75188	3.07071
4.62236	-14.5119
-16.0772	-14.2714
-15.7449	0.627801
-1.37679	-4.06147
-1.25293	-11.2959
-7.66718	-0.372932
2.75344	-7.18108
-4.36887	1.07843
2.2036	-0.293301
-0.579221	-3.74394
-5.18226	-7.44701
-6.15203	-12.2856
-13.0584	-5.14418
-3.62444	-1.18198
-3.19065	-1.23658
-2.41244	-3.64272
-5.78593	-6.1176
-5.94872	-2.90242
-3.34071	6.22166
5.95755	-11.1294
-8.66618	-0.593913
-0.765631	-4.70179
-3.53149	-7.30555
-7.38665	0.0493322
3.52332	-2.9247
-6.42159	-2.69471
-4.37172	4.69193
1.93751	-1.46123
-4.60187	-1.56761
-3.13118	1.20923
3.9607	-4.19577
-1.51524	-3.28105
3.91059	-5.80773
-8.53361	-12.6817
-14.091	-10.8307
-9.47257	-3.04443
-1.90055	-2.1091
-4.21829	1.24036
1.27326	3.94997
6.03385	-1.48857
-1.0584	-11.2133
-10.7352	-15.152
-13.7747	-5.62107
-2.31318	-10.9387
-10.34	-4.37403
2.35254	-2.17972
-3.50864	4.46685
1.205	-1.45921
-3.39204	-9.61945
-6.71821	-10.661
-8.22885	4.62406
-0.576972	-4.37239
-7.8108	-4.19042
-4.5701	5.44449
5.27577	-0.419822
-1.37	-3.79815
2.25734	-4.84951
-5.59769	-5.43986
-5.88378	7.13528
7.53979	-13.8503
-13.4952	-1.19534
-1.77927	-2.32306
-1.82342	-10.2567
-10.7037	1.15823
0.75651	-5.31528
-6.80108	-13.0567
-12.3515	-6.64288
-4.05685	-1.36991
-4.28215	-7.89979
-6.71533	-1.49629
-1.231	6.57584
6.36221	-5.10439
-4.46445	-11.8681
-10.6804	-6.47364
-7.07868	6.16049
4.67421	-16.0081
-19.6446	-10.4119
-9.32006	-3.42316
-5.53575	-3.93724
-8.12605	2.47683
3.95823	-12.1592
-11.9369	6.67198
5.7247	0.785574
1.1623	-17.7744
-19.826	-4.71828
-4.09813	-8.20598
-8.5655	-5.18007
-4.56164	2.73578
2.21067	-11.1304
-11.8862	-2.4815
-5.26785	0.36743
-0.495173	-19.3136
-16.677	-13.3205
-11.1444	1.98624
-0.182978	1.28786
2.72738	7.16106
4.83215	-8.50078
-8.38979	-9.36792
-8.61387	-3.11701
-0.756985	-12.5085
-15.2755	0.243499
-3.07671	-16.5207
-8.87293	-5.09449
3.45042	5.83759
1.58891	-13.426
-14.4404	-10.647
-6.91171	-1.034
1.99283	-11.9266
-10.8161	-10.4793
-10.4054	-8.84577
-2.73157	-0.492212
1.77563	2.16971
-4.23719	-14.6784
-14.1642	-13.3256
-8.51022	-4.05764
-10.1954	-9.37286
-7.57712	1.4554
1.94144	-8.63289
-10.6344	0.0937503
-0.489725	2.50959
5.3761	-5.31906
-4.62715	-7.09976
-4.44232	5.49254
8.36452	-9.21313
-12.3194	-5.91537
-6.32704	-10.3452
-11.4281	-1.87114
0.738006	3.92873
4.15686	-4.98129
-16.9663	-6.48137
-9.68444	-1.73284
-2.77139	-7.22717
0.549822	-1.45493
-3.79337	-5.24095
-2.53992	-5.33565
0.0558792	4.10218
2.57964	-6.24031
-6.28759	-7.3704
-6.03737	-7.1302
-8.37853	-2.65548
-3.66179	-6.92965
-6.75284	-6.90943
-5.52691	5.70612
4.74541	4.45514
3.32479	-9.22383
-8.41588	-8.43641
-9.74552	-6.17297
-4.45797	-9.50037
-9.38091	3.38862
4.25977	-9.02603
-5.94638	-0.394923
-2.45761	-1.16162
-1.75543	-5.06655
-4.77284	-4.492
-4.99775	5.41252
4.51774	-4.42324
-2.22828	-7.79142
-7.20542	-7.47981
-5.3368	-6.72454
-3.16928	-3.43204
-3.62214	-8.57386
-8.17102	-14.0407
-13.8699	-10.3503
-9.82825	4.94788
4.54745	-3.38098
-4.44783	-5.79104
-4.47646	6.06761
7.11206	-3.74527
-3.96049	-8.8947
-7.84453	-14.5651
-16.2246	-7.75678
-4.86122	-3.82973
-8.46399	0.150126
1.86721	-10.4857
-10.0458	11.8865
4.61587	0.564403
2.77396	-11.2765
-7.17034	-10.8214
-12.7816	-1.39549
-0.494501	-8.58177
-15.4867	5.62244
5.24411	-0.920405
-3.48587	9.23838
7.57115	4.68039
-2.77172	-5.43426
-4.93731	-0.0339913
1.43483	5.38417
3.68043	-1.53954
-0.121622	5.90235
2.79975	-13.9315
-15.1763	-13.9361
-12.8927	3.88036
0.709469	-5.15072
2.78337	-3.00015
-3.80999	-3.00776
-0.23527	2.31255
-3.81179	-2.42496
-4.88982	-6.92523
-6.07063	7.31055
7.63847	1.15798
1.00138	-20.1017
-16.3735	-5.2627
-6.39133	-7.03503
-6.20763	-4.66805
-6.62352	0.520039
0.823854	-11.3415
-10.9911	0.276808
-2.8256	-0.106877
-1.21889	-18.8315
-18.181	-10.957
-10.2391	2.42614
1.93402	2.63454
1.01293	0.299784
-2.62469	-9.53251
-7.50188	3.95775
7.85693	-1.23765
-1.83747	-9.75086
-5.95962	-7.84062
-3.83125	-2.25183
1.64302	5.98457
0.869443	-2.52507
-1.27736	-11.8598
-9.30008	1.1519
1.77834	1.63092
0.936649	-14.8267
-17.9615	-7.62513
-9.46422	-1.92153
-1.03202	-2.55926
-0.386523	4.81453
4.7016	-11.9078
-12.4204	-0.298569
0.56594	1.70993
3.03836	-17.9327
-13.4047	-4.8946
-1.9918	-5.82825
-6.67761	-0.902912
-2.8084	-0.603964
-0.994978	-6.55807
-5.92394	-3.96504
-3.74689	7.88971
8.55024	-17.5076
-16.3071	-2.68173
-2.14265	-6.29624
-9.88078	-4.90625
-6.29548	5.94926
3.84826	-6.21905
-7.00658	0.0472923
-18.0408	4.77696
3.73063	-4.38679
-6.66164	-12.9139
-11.8544	1.45714
1.40358	-0.948305
-0.966003	5.69856
11.737	-4.46665
-5.49568	-17.6324
-18.1186	-8.32607
-6.9611	-3.34049
-2.54902	1.61671
-2.71389	-1.53901
-2.63701	-15.5786
-15.9404	5.91629
4.62924	-0.66591
-0.887874	-7.49206
-10.4769	-6.86086
-2.89665	-7.81836
1.29282	1.89462
0.72664	0.0120871
3.63425	0.706293
0.333412	-6.2193
-2.47484	-16.8316
-14.0152	-11.8955
-9.36944	0.849089
-3.62797	-7.76357
-5.35348	-8.49311
-0.414159	0.378565
1.46646	-2.30996
-2.72149	-2.69
6.90689	-5.00522
-7.65068	-13.9307
-14.1579	-11.2586
-11.6654	-4.24025
1.40912	0.97207
0.795139	-1.18819
-5.31676	2.32327
4.21103	-0.877125
-2.19253	-9.60043
-9.06505	-13.6116
-12.9896	-11.9522
-9.7867	5.19547
1.37977	-7.7855
-6.60628	-6.32011
-5.84967	-3.67127
-2.78831	-3.31895
-3.61838	-6.25438
-7.19266	-7.77089
-8.17684	1.64428
-6.94621	-1.84632
0.938851	-5.63075
-4.28572	-6.68802
-7.25563	1.39623
4.94952	-1.97408
-2.0636	-8.96357
-7.95824	-9.33964
-9.83486	-7.8477
-7.20252	-10.5798
-11.2796	2.82512
4.05298	-14.2819
-12.5914	-8.10233
-12.5359	7.08825
1.28509	-0.78737
-2.907	-4.19696
-2.84751	-7.7229
-5.00281	-7.09464
-5.20025	1.58709
-0.0989005	-8.8976
-10.1516	-6.06366
-6.27311	1.57566
2.44916	-3.87541
-5.394	-7.2483
-7.50139	-12.283
-13.0314	-6.1605
-3.68818	-8.01018
-12.0207	-15.0949
-16.2644	1.94868
-10.9611	1.70118
4.78002	-5.1571
-5.51171	-5.2477
-3.72599	0.361877
-5.66412	-0.950413
-3.38992	-8.93044
-8.06894	-5.8026
-3.31555	4.69862
7.28118	1.06753
1.26617	-6.79229
-5.24614	-11.2052
-10.2431	-0.984211
6.6984	-4.75479
-3.7816	-6.39154
-6.05314	-7.39299
-9.53641	-8.74513
-7.72994	0.718389
-0.840742	-4.34503
-4.1481	-5.21106
-4.73052	7.3873
6.26852	-5.90933
-3.61142	-7.43785
-6.4882	-13.2751
-15.0852	-7.66917
-8.16867	-8.91987
1.25005	-4.58638
-4.61463	-12.9423
-13.3081	-4.20533
-4.05483	-8.56158
-4.36036	-1.8867
-1.73914	-7.78447
-4.32245	1.25995
6.94614	-2.43172
-6.20182	-7.72349
-8.63777	-15.1575
-14.4922	-7.37507
-5.39124	-2.29189
-1.86254	-7.32525
-5.9795	2.64385
2.76944	-0.700923
-0.17495	-6.00474
-7.45305	-4.85624
-1.56888	-7.04374
-6.09763	2.18964
1.30357	-5.64609
-6.66843	-2.06985
0.343202	-4.77956
-5.16795	-5.23615
-3.66103	-2.8955
-2.75363	-4.68844
-5.71286	-3.40639
-4.59111	9.82551
12.865	-0.553239
-0.517762	-3.93326
-3.2541	-6.2663
-3.3438	0.0167068
-6.70786	-5.01612
-11.6649	-8.11427
-6.5932	-4.7769
-6.09791	7.05118
7.82116	3.02338
-1.654	1.59579
-0.251017	0.26477
-1.34783	-3.6836
0.252289	-1.2641
2.43287	-14.4775
-13.2932	-9.55644
-0.62187	-7.67631
-3.24769	0.997577
1.7876	-0.282883
-1.62919	-3.8244
-3.03834	3.0998
-2.77514	-15.3427
-16.8729	-11.8985
-13.6389	-0.162659
-1.30146	-0.868308
-2.3096	0.798322
-3.47885	-1.80254
-1.55672	-2.38484
-0.897428	-1.32433
-0.547272	-14.1806
-5.04214	-7.66429
-4.10296	-7.24243
-7.83774	-16.3567
-14.5943	-2.50378
-2.37594	4.86686
3.74951	-7.19027
-8.55491	-2.80428
-2.04766	-4.5612
-4.94454	-7.99245
-12.3899	1.36632
5.16127	-2.40604
-6.71027	-6.76654
-4.74354	-14.6483
-10.0347	0.373516
-0.678806	-1.76747
-0.549635	-7.24457
-8.76807	-10.0746
-12.0984	-1.82885
-2.27447	-1.76844
-0.914283	-11.8456
-10.4404	2.30858
-0.289928	3.23948
4.44695	-2.38994
-1.88672	-8.60512
-6.92396	-10.5987
-10.5112	-0.597785
-2.60884	0.31609
3.05477	-6.7291
-8.46975	0.730508
1.22802	4.64745
2.03159	-1.86982
-0.515085	-17.6063
-15.3487	1.26631
1.48412	2.19277
-1.29789	-4.66807
-5.72642	-6.83183
-6.6816	-12.8548
-10.837	8.10325
11.4688	4.57274
2.89101	-9.40142
-9.72805	-8.42997
-7.93869	-4.1375
-5.03717	-2.73537
-0.535089	-7.35384
-7.0698	-7.2647
-5.12032	7.32961
5.10904	-2.21502
-2.34905	-9.21505
-9.06359	-9.08187
-9.2237	-6.93768
-6.78674	-1.51135
-1.05826	-6.87463
-7.47012	-10.4762
-11.4663	5.83219
6.56661	4.29203
5.32386	-7.68227
-8.43607	-8.74931
-9.33916	-8.05299
-7.05956	-6.62579
-6.48155	-10.677
-11.7386	-4.14728
-2.20105	10.4119
6.32783	-1.47606
-1.74633	-12.1545
-12.4384	-5.58547
-4.25621	-0.149894
1.87584	-18.506
-20.5278	-11.0199
-11.8694	1.96883
3.59534	-8.81741
-5.11993	0.473583
6.80468	-4.71302
-1.79725	-8.72714
-5.02917	-5.5721
-3.65275	-12.6499
-15.3891	-4.39802
-5.6511	5.96605
5.02585	-14.3613
-13.1212	-0.614324
-0.428281	0.189926
-2.94992	-12.0352
-13.0482	-13.7087
-13.1886	-6.30967
-3.47979	0.933186
-0.71119	-3.37534
-4.79034	-5.6059
-3.35037	-2.03048
-2.13799	-2.5249
-3.24875	-7.86718
-9.53214	1.5555
2.41516	-2.96227
-5.12265	-3.23747
-0.963594	-6.64805
-6.9107	-4.01465
-2.90163	-2.20595
-5.75406	-2.86591
-3.13487	-9.00187
-8.92525	-13.8216
-15.0191	-6.55316
-5.85212	1.89734
2.4367	-5.07426
-2.62118	-2.90343
-1.33259	1.06992
1.00908	-6.7701
-6.70147	-14.0675
-13.0069	-7.69918
-5.4048	-6.1722
-7.30548	-10.1604
-9.5494	-3.28664
-4.89208	10.6709
4.00392	-5.10119
-2.91017	-8.9126
-8.95696	-0.456838
-1.17207	9.7148
11.2391	-12.3713
-11.97	-14.3038
-9.62529	-9.40618
-6.05644	4.65893
0.984478	-2.74713
-5.43889	-9.87469
-12.4375	0.118133
-2.12894	-3.38522
4.18887	-6.12418
-0.46497	1.80303
2.66066	-6.31818
-3.79717	-2.37986
-2.97379	-4.0273
-3.53581	-14.4066
-10.0707	-3.11357
-4.90481	2.36186
1.59896	-5.09846
-5.62148	-9.9357
-7.8426	-9.98334
-10.022	-8.10883
-12.8395	1.24499
-0.492866	-4.1659
-5.78384	-3.64406
-2.98259	9.08661
10.1217	-13.1853
-13.0819	-2.23763
-3.33872	-0.242427
-0.588245	-12.0908
-11.234	2.93832
7.12803	-6.79673
-10.8468	3.0143
5.45216	3.51541
2.25036	-19.9389
-19.9757	-3.40859
-5.38023	-5.37398
-5.01461	-9.21003
-7.73472	3.30604
1.84205	-9.25684
-8.06942	-3.94649
-4.8955	5.85636
4.26016	-9.59448
-12.7861	-15.7141
-17.2544	-6.19036
-5.01302	3.70361
3.93467	6.62411
7.38224	-9.86841
-10.2852	-10.3593
-10.3199	-2.10393
-2.03021	-9.80244
-9.46203	-12.4565
-13.6691	-8.64174
-10.7691	-6.46571
-2.65442	6.71313
3.61095	-4.84054
-4.41569	-4.54806
-5.88311	1.25458
3.18825	-3.54637
-2.87794	-5.52482
-1.54542	-6.76153
-11.7235	-2.68257
1.51773	5.26236
10.5071	-2.75331
-7.97192	-11.5323
-12.1247	7.42489
0.130746	-8.61381
-1.95004	-10.5151
-10.9643	-20.3569
-17.7451	-3.49888
-1.71899	5.15389
2.42338	-4.22112
-5.09398	-1.91385
-1.80501	3.01115
2.66718	-4.64823
-2.55697	-3.35302
-2.9186	-1.48904
-4.23168	-5.76018
1.44714	0.674504
5.24333	-6.86995
-8.2872	-6.78016
-7.31564	-6.68483
-6.79645	-9.06134
-10.6802	-15.4884
-14.5877	-4.11611
-2.42952	3.25182
5.44086	-9.48003
-5.67728	-12.605
-13.2321	3.0515
3.78311	1.24081
-0.274997	-5.98911
-9.70194	-5.99761
-5.52	-2.55094
-4.82062	2.83261
2.49319	-3.74118
-4.19453	-10.0567
-10.1417	-3.90258
-6.50268	-1.38537
-1.37389	-17.329
-15.2186	-9.56785
-9.91523	1.81111
-1.70224	-3.53124
-4.13944	1.87454
1.51572	-11.3969
-11.8546	3.31436
3.75312	3.9535
4.9181	-16.8256
-16.7464	-0.552386
-8.22258	0.446236
-4.13784	-3.73834
-3.85217	0.795384
3.86611	-10.3486
-11.047	3.99492
4.33757	2.49792
6.22841	-3.12267
-8.05508	-5.4467
-0.575954	-5.92396
-7.89348	-0.812697
4.1404	0.473125
4.82537	-4.13243
-2.87146	-7.50053
-8.41283	-6.29441
-7.18019	-6.75584
-7.04634	-7.52764
-3.56576	-7.74571
-2.01379	3.59848
3.07319	3.97374
3.58829	-10.0594
-8.18522	-12.1741
-12.1008	-0.228219
3.98797	-4.89527
-4.05397	-14.7641
-6.43906	-9.68233
-9.36934	1.77795
-0.501725	3.88438
6.21614	-8.18783
-10.344	-14.3196
-10.1602	-7.77834
-11.3538	-6.32567
-7.20309	-0.181206
-1.32089	-1.77786
-0.0568993	-6.35152
-5.45186	0.462233
-4.49255	-3.241
-3.18785	-8.78381
-7.6093	-9.75722
-2.34156	-8.503
-13.2437	-1.82227
0.755313	-1.51199
-3.62139	2.1102
-4.19316	-3.52873
-2.38869	-3.34385
-2.74217	-6.87124
-6.96019	4.18657
3.9629	-14.653
-11.9121	-0.00640612
-6.64262	-0.272084
-7.04711	-2.68604
1.29855	1.66859
3.67456	-10.6415
-15.195	-15.4209
-10.2485	2.4424
1.99539	-12.495
-10.4557	-4.24769
-5.09942	-5.13454
-6.23174	5.09207
5.79532	6.15412
10.6112	-5.89901
-5.23516	-10.584
-9.50835	-7.16193
-5.74456	-3.78539
-5.12293	-7.48479
-8.39203	-15.2916
-14.3189	6.4762
10.9813	7.05049
6.18222	-8.85398
-8.43805	-11.6935
-9.7468	-12.0958
-13.5504	-6.01994
-4.44349	-7.50258
-7.23401	-10.3678
-13.588	6.29438
2.44551	1.63986
5.50936	-6.9371
-5.86414	-7.53394
-7.51941	-9.84849
-6.82122	-7.04695
-9.24012	-2.8362
-0.734824	-17.9289
-21.9312	-0.850658
-3.35465	7.05719
6.8201	-6.12348
-18.6281	-1.47715
0.839927	-1.69902
-1.75413	1.7466
-2.06627	-8.21655
-4.8409	0.491362
-5.79404	0.967751
7.76372	2.16307
-1.07361	-19.5308
-19.181	-2.6704
-5.83535	-6.80605
1.57938	0.975412
2.18481	-4.01655
-9.09096	-4.66418
-4.37478	4.21299
7.70906	4.68188
4.59911	-14.2867
-14.553	-11.9458
-9.68535	-2.30128
-1.08029	0.800433
-1.0093	-6.54752
-6.42332	-6.8943
2.21296	-0.4904
2.77026	0.798872
-0.751919	-15.4707
-14.2569	-12.57
-11.789	0.859475
0.770665	-3.894
-3.29225	-2.69218
-1.8657	0.990415
-2.67614	3.70127
0.846266	1.44912
-1.31582	-15.6041
-14.3707	-13.7034
-14.1508	-1.80362
-4.25773	-4.76828
-0.0700939	-0.736812
-1.86107	5.0819
-0.0148208	2.74417
6.02431	1.07828
2.09469	-14.8449
-16.7717	-13.0372
-12.8053	-0.715766
0.480752	-3.57616
-1.08738	-1.62582
-3.18023	-0.491527
2.60739	-0.827038
-1.89232	-0.960841
-0.268529	-16.1863
-13.3934	-5.68817
-2.14667	-0.584684
-3.20479	-15.9814
-17.7905	-8.60614
-5.77419	1.58966
2.57579	4.09176
12.1202	0.240749
-5.75767	-11.6272
-8.89842	-12.0891
-9.45339	-4.77187
-8.86757	-8.07515
-4.861	-11.8484
-10.5246	5.97819
2.22274	3.59133
9.02311	-4.23745
-2.30891	-8.65589
-9.13083	-10.9096
-12.0804	-4.00814
-3.31145	-7.96728
-8.85649	-8.48322
-9.26078	1.54409
-0.420844	2.70736
4.29953	3.44527
4.4406	-4.6846
-8.29434	-11.1742
-13.7505	-6.76255
-6.05786	-16.008
-10.8598	-11.2013
-11.3128	5.13023
4.17918	9.26209
9.27063	7.6031
8.35547	-14.7561
-14.3384	-14.8849
-11.7604	3.47055
1.05603	-3.49191
-2.98384	-5.88691
-7.4686	1.34203
6.5718	3.53165
3.78787	3.33001
0.261791	-14.9397
-13.8725	-12.4181
-13.7467	3.07683
0.957189	-1.50351
-4.19696	-4.75876
-3.39542	-2.02351
2.9392	0.852205
1.33811	0.999585
-3.04194	-13.1004
-15.6499	-11.9034
-11.4648	-0.373834
0.440407	-14.7385
-16.375	-6.82399
-4.13453	5.77781
3.41526	5.84599
4.02641	-4.20612
-5.25611	-10.7215
-10.3931	-9.73869
-10.4781	-0.819949
1.67586	-15.8878
-16.7255	-8.4423
-12.2341	0.167582
-4.16905	2.57
3.09712	5.939
8.75889	-5.51684
-5.61442	-8.74075
-8.46772	2.39143
-0.551126	-8.44744
-11.1147	-16.2683
-15.7428	-6.93104
-2.30688	4.26514
8.40654	10.3554
3.08845	-9.50922
-9.47136	-11.813
-9.52126	-2.79539
-3.63601	-15.2977
-13.2862	-3.4616
-2.74102	-4.63035
-8.29069	4.38326
9.67014	2.2942
-0.178438	-8.04799
-6.65129	-11.0646
-11.1667	7.07879
6.79928	-12.1026
-8.19069	-3.74081
-2.26147	1.0015
-4.97599	4.50795
3.73906	3.82704
9.80022	-6.47441
-6.49607	-10.1966
-9.57293	1.11998
1.16619	-14.7675
-11.9227	-4.19535
-5.53457	-20.5426
-21.0794	1.43916
2.91342	6.1107
0.365702	-10.2251
-10.2604	-12.3744
-10.8048	0.494581
-1.64926	-20.1809
-19.0671	-8.88979
-11.7369	2.86233
-0.987201	-1.41174
-7.39818	4.52124
2.30541	-11.5469
-11.0125	1.8477
-0.957161	3.64096
5.61229	-23.1583
-22.8945	-12.9712
-13.6771	-4.26403
-5.87737	5.02776
-4.62093	-0.873415
-2.37121	-12.2775
-13.812	-13.0025
-9.5727	-1.01229
-0.94203	-8.31577
-8.43599	-7.39265
-2.37793	-4.51788
-13.6137	-5.81619
-0.170084	-1.99068
-1.35615	-17.466
-19.1453	-9.06693
0.463733	-4.55888
-4.19516	0.0804009
-4.14112	-15.9155
-2.22552	-0.183551
-2.73393	-5.05019
-6.07546	0.073826
3.94473	-20.0785
-20.6623	-0.817827
0.944595	-1.87916
-5.12819	4.28073
-1.03416	-6.05306
-11.0295	-4.03112
0.191982	-2.39163
-1.67055	2.23628
-1.97215	-21.7714
-20.3333	-0.298408
2.29776	-6.79493
-9.08716	0.00817347
-3.52475	-7.29708
-2.9812	1.85442
-5.12983	-0.721989
1.03397	0.602492
-3.94751	-19.5684
-15.9206	0.430888
-6.47142	-3.26859
-4.83312	-4.85286
1.81862	-5.53494
-3.71398	-2.01302
-2.93519	-1.64186
-6.58861	0.0827111
-0.409036	-13.2175
-16.9183	-11.9313
-14.8984	-0.325247
1.18835	2.57285
-3.09902	-0.0597317
-3.14432	1.66195
-5.9573	-6.71131
0.517067	0.649939
0.599599	-17.2225
-15.9749	-14.2158
-0.851947	-3.14918
-0.332248	-2.34796
0.461253	0.903684
-1.16077	0.293791
0.822365	0.377
3.3672	-15.3193
-16.7986	-12.9829
-12.2035	-3.44788
2.83508	1.66466
3.16532	1.65541
4.447	1.16595
-6.66133	0.238748
-5.02229	-0.931016
4.89469	-9.0691
-7.22217	-0.389756
-1.7563	1.93493
-1.16234	-17.9428
-20.1818	-4.46115
-5.56877	-0.166824
-0.372995	-5.06065
-3.30392	0.31302
-1.00144	-8.74879
-7.7427	-9.17312
-7.06963	6.71875
4.39063	-10.5
-4.92171	-8.90811
-8.15477	-0.23938
0.0389868	-0.327542
0.627019	7.66779
6.22757	-6.53638
-7.73838	-6.70081
-4.70078	-1.19173
-0.872264	-3.03987
-6.39702	-6.15864
-5.33237	-13.8304
-16.4274	-1.95898
-3.53275	6.45902
6.15764	-8.56548
-9.83578	-15.5253
-16.106	-6.68871
-6.00603	-2.17906
-0.704171	-5.91342
-7.20162	-1.31762
-1.51854	7.1306
8.90071	-6.61959
-4.76938	-6.59013
-6.42807	-8.66428
-3.51671	5.94939
5.78342	-7.09841
-8.34962	-10.884
-10.6809	-6.10217
-4.89345	10.9499
9.00318	-6.87646
-9.91135	-6.97344
-6.11098	-3.09538
-2.64979	6.55347
0.334732	-4.1273
-5.59972	-14.0486
-13.0571	-1.70961
-0.453295	13.0737
9.94571	-0.564371
-0.19753	-8.86716
-9.06887	-8.10111
-7.32874	-0.900887
-0.26117	-8.70245
-6.28566	-12.1141
-15.1522	3.27175
-3.39904	3.90796
3.34188	-4.30272
0.959203	-13.5044
-12.9951	1.48022
-3.49097	5.21624
6.35978	-0.148954
-6.67754	-8.97325
-9.90532	-8.84625
-7.72913	1.85173
3.37996	-4.38385
-3.93634	-9.36137
-10.3185	-5.6609
-3.72766	2.25895
0.586199	-10.9593
-9.43925	-10.3933
-9.0021	-2.92907
-2.18408	1.34642
0.155002	0.210728
-0.766506	-9.96977
-10.3097	0.466039
4.26775	-0.561303
0.238402	-2.72109
-3.70644	-4.75029
-8.90632	-3.69898
-9.50674	9.04317
10.2992	0.757831
-0.674122	-4.20984
-5.56075	-6.13422
-7.7077	3.66316
2.22424	-10.0779
-10.9394	-12.2979
-12.7844	-1.18799
-0.83086	5.80428
5.36342	1.02083
-1.61551	-10.8021
-11.8244	-11.3831
-11.7137	-2.81835
-1.33233	-15.5846
-15.2566	-4.67629
-4.69388	-10.8465
-16.1245	8.59271
7.11069	1.84913
0.26702	-10.9457
-7.05271	-10.4646
-12.9921	-4.69001
-5.14298	-5.64961
-3.96758	-5.69414
-7.89928	-8.10674
-9.25215	0.77228
3.58039	9.84369
8.99611	-7.00083
-7.86947	-14.1165
-14.0912	-2.28442
-1.05675	-12.0871
-14.5533	-8.82636
-10.8456	5.81012
7.08069	0.387353
5.35651	1.00421
5.74717	-8.98506
-9.51122	-11.7818
-19.6616	-0.322858
2.21082	-9.8429
-5.2081	-7.78983
-6.5534	1.89972
3.57134	2.40511
3.2329	-0.696584
-0.151242	-9.60106
-8.47654	-14.2243
-12.5237	-7.39302
-8.08221	-0.986727
-3.05756	-4.43312
-4.72808	-10.0911
-6.56722	-6.09605
-6.07065	-3.19118
-6.98812	-3.90809
-4.12502	-9.02123
-9.73447	-12.5519
-14.6388	5.04971
5.41724	-2.77092
-2.09278	-8.83866
-7.50824	7.47508
6.39013	-5.6632
-7.05827	-7.41719
-6.42959	-12.9459
-12.7967	-13.5037
-12.7858	4.03007
5.4599	-8.63223
-8.64501	-3.10262
-5.48392	5.19426
2.70813	3.99077
3.93014	-0.805273
0.159768	-5.3244
-3.88054	-5.06948
-3.27706	0.634599
3.12153	-6.30342
-2.33322	-12.9244
1.17895	-6.94295
-4.00498	2.4642
-0.801231	-11.0628
-12.483	-15.9329
-13.6898	-5.97353
-3.03383	-4.29698
-3.53856	0.593156
-3.88296	-4.51866
-6.01614	1.27404
7.54308	-4.46969
-1.51666	-5.57657
-4.63404	-13.9726
-14.2662	-5.40692
-5.36982	-2.61502
-3.18934	-7.19742
-6.48967	1.32212
3.44271	8.22832
3.57905	-7.01027
-5.0934	-2.50948
-4.77982	-8.40074
-5.07695	0.285248
-0.163051	7.80903
5.63522	-1.15621
-0.742751	9.70256
4.28692	5.35977
-2.67076	-2.49654
-2.93428	-14.8737
-13.0292	-8.81606
-10.4752	-0.974506
-2.29199	-1.33026
-8.89208	2.35124
1.88663	5.73473
2.70604	1.57313
-5.59557	-0.514278
-1.0378	-15.325
-15.9719	-8.90302
-13.7115	-2.35002
-3.1482	-3.93365
0.825198	1.17343
-0.571839	0.733012
-3.20281	2.99668
3.12727	-1.76332
2.2151	-16.4315
-21.3359	-8.96745
-12.6448	-2.04592
4.62712	0.428697
-0.307321	0.474391
0.438646	-1.70957
-0.606386	-1.86059
-0.800997	-3.58214
-1.84234	-3.97501
-3.52512	-15.6216
-15.1427	-7.11156
-8.5437	-2.57072
-4.04528	-6.67982
-7.29804	-6.90861
-7.71923	4.65662
-0.0323324	4.92053
7.0191	-5.20658
-5.5666	-7.8494
-6.30308	-1.01075
0.413614	-8.34524
-9.61346	-1.12864
0.970236	-6.95826
-5.92186	1.18866
0.161166	-1.44818
-0.293691	-16.2712
-18.3047	-9.97086
-11.9553	-1.94332
1.21145	-4.47676
-5.63296	-6.38727
1.75683	-3.27975
-3.8879	-9.1292
-1.34813	0.234651
-0.700436	-6.2816
-7.39997	-14.8544
-16.0034	3.92084
8.61837	-9.62121
-7.0472	-9.46126
-5.39335	-7.29835
-10.1207	4.66549
9.00365	3.57829
1.28503	-11.5204
-11.3358	-9.99048
-10.1738	-0.337536
-0.224683	-16.4201
-17.5785	-9.63882
-9.14037	0.695142
0.224821	1.47124
0.270081	-1.85948
-2.33237	-4.91412
-5.52272	-3.55229
-2.67294	2.52114
2.51324	1.18541
-3.08819	-2.30681
-7.19814	2.83217
2.17599	-0.397873
1.12601	2.09592
-0.999228	-17.809
-18.6093	-8.09856
-13.1945	-2.11781
-4.47522	-7.8697
-3.76609	0.660712
-9.55922	1.24342
-2.84149	0.915196
2.1096	3.91681
3.62549	-2.95595
-3.073	-2.32761
-2.82987	6.69779
5.51943	-3.7311
-5.30687	-5.97074
-6.95488	-5.72807
-9.22992	-4.17727
3.95723	8.32584
8.0623	-6.68779
-6.65631	-12.2583
-12.9311	-8.7997
-9.80036	-3.28041
-3.48334	-9.05934
-7.71586	-10.8607
-14.8	3.73654
6.55562	5.35392
7.29808	-5.35818
-3.27958	-5.05597
-3.48268	-0.634928
-1.07637	0.467793
0.425037	1.28613
-4.63579	-4.79116
3.55971	10.1712
1.81066	-8.62217
-6.4573	-14.7415
-15.8839	-10.2908
-10.4831	-4.79667
0.341273	-5.68702
-2.27908	-2.45716
-5.63809	-5.76668
-4.09375	5.2815
3.70754	5.00607
-4.84819	-4.73471
-3.74819	-12.6485
-14.6966	1.63348
5.22091	-12.0423
-5.57898	-14.6271
-12.8747	-7.56075
-11.2831	4.56091
6.2903	4.54532
1.7763	-10.2315
-10.1434	-8.76022
-7.26204	-0.503782
-1.00424	-13.4592
-13.469	-13.7919
-13.7144	-5.14593
-6.96337	3.92071
4.95836	7.77671
6.10072	-6.59703
-5.56439	-6.4494
-6.42476	-3.29396
-4.92823	-5.41674
-6.2886	-8.61427
-7.92354	-12.1169
-11.8106	7.25405
5.27566	12.4735
11.1609	-7.50474
-6.48528	-11.6509
-12.3439	-6.76362
-6.867	-8.81932
-9.68558	-4.55628
-4.53092	-8.29144
-8.2373	-9.75451
-12.253	7.85644
4.66751	-1.56761
-1.60553	-8.67557
-10.1897	-0.0508029
0.9541	-7.00255
-9.47604	-12.4152
-10.7923	-2.5083
-0.909883	-0.567453
3.67692	10.4101
7.94431	-9.82081
-9.74302	-15.0929
-11.9774	-8.57097
-8.3871	-0.0590082
-2.00905	-4.29052
-5.44032	-6.22061
-7.59767	7.74453
6.25808	5.88312
10.0298	-8.33321
-7.8362	-7.70081
-8.28576	2.04796
3.60571	-10.8001
-5.80318	-10.4837
-6.85825	-13.2235
-11.4214	-7.23384
-7.54507	2.56222
-2.15868	-1.75575
-1.8153	-4.53975
-5.79712	1.59693
1.22948	-4.69744
-6.62816	-6.70857
-13.8054	-11.0907
-10.2929	2.49869
2.70035	3.16238
2.747	-8.93417
-8.73428	-8.98605
-7.79269	-1.17831
0.2172	-13.9044
-12.095	-12.2368
-12.2356	-4.66156
-5.70344	3.79497
4.79427	0.581913
5.20614	-10.9684
-13.4276	-2.47784
-4.62934	-3.7506
-1.5265	-6.54732
-10.3767	-4.75309
-6.08357	-7.65797
0.441502	0.236217
-0.692345	-0.940008
-4.9554	-17.2175
-17.9171	0.628622
2.54621	-8.08999
-12.566	-4.04035
-6.50031	-4.38086
1.46621	-2.12363
-3.50822	4.05959
6.2055	-3.43852
-6.27825	-21.6927
-18.9675	-6.12817
-11.5944	-0.467293
-2.30323	-1.18433
2.17537	-6.0572
-2.13439	-9.66283
-0.357565	0.00483774
-8.65829	-0.0957037
2.45499	-0.492202
-0.727672	-9.55785
-9.76448	-9.3858
-8.8279	-10.9791
-11.4184	2.12059
-0.348213	-9.74383
-7.10503	-3.32513
-0.811961	12.1455
15.249	-8.26889
-8.58449	-15.1344
-14.6917	-10.646
-6.8708	-1.99047
-6.21681	-5.0517
-5.39758	-3.95392
-2.07731	11.5121
7.944	0.521821
1.01657	-9.00315
-6.77852	-9.10143
-9.53003	0.501071
-1.6855	-12.986
-13.3173	-13.5755
-12.755	-1.15843
-0.8051	7.07038
7.25743	2.16661
3.26189	-8.02414
-9.44534	-7.69938
-8.15176	0.366909
1.0236	-17.0923
-17.4208	-13.272
-12.826	-1.96268
-1.7391	2.33895
5.87745	0.603693
-2.74732	-8.19868
-10.5414	-3.02208
-3.42541	0.417331
0.0177134	-8.65687
-11.7825	0.310884
-4.09033	-5.07748
1.15411	6.85636
0.883921	0.463953
1.65031	-18.016
-18.5094	-6.67808
-9.63657	-4.83377
2.93596	-8.48848
-16.3478	-15.7683
-15.8811	-6.51959
-3.64203	8.63536
7.31645	-0.728986
-0.00700507	-15.3329
-13.1401	-12.9275
-8.48662	-0.770884
4.81759	-3.84277
-5.27133	-3.43998
-3.74512	0.664767
-2.52537	-0.928129
1.47502	-1.1543
-4.96384	-11.8744
-12.3586	-12.693
-9.51498	-5.17293
-3.72661	-7.36741
-9.20003	1.59103
-7.38876	-6.70312
-3.29502	11.0184
6.36355	2.32833
-5.65123	-19.1595
-22.8725	-7.49708
-0.83046	-12.4854
-2.51171	2.89822
2.70322	-0.442863
-8.69199	-16.3299
-12.8363	4.90607
4.48144	-8.54759
-6.9884	-22.265
-23.8975	-3.40065
2.47336	-4.39536
-0.631722	2.76929
3.25048	-1.44604
0.347339	-11.5026
-3.21119	6.55395
1.68077	-7.1727
-8.05578	-16.8488
-15.4569	-7.97604
-8.94087	0.116972
-0.362659	3.62586
-7.45853	-2.96734
-0.430227	-8.27077
-9.49828	-1.2255
-3.35214	9.79341
6.97335	-5.12016
-6.12542	-13.2851
-13.9225	-10.7683
-10.8032	-9.01749
-8.08482	1.6696
0.936233	-9.832
-10.0383	-3.72722
-6.03391	3.05908
5.93196	0.211097
-0.747393	-6.76343
-7.01422	-5.01781
-4.68052	-8.66789
-9.43455	-0.870155
-2.61764	-11.0771
-10.8462	-4.46473
-2.15389	7.49684
4.60007	-3.12554
-5.24646	-10.4441
-12.0068	4.29297
-0.0144001	-10.6904
-11.1465	-10.9025
-10.2709	-4.67869
-0.825163	7.46699
4.90395	1.95296
1.34704	-9.30537
-8.82213	-12.9306
-14.534	-2.33644
-2.33676	-4.27371
-4.0009	-9.1513
-8.49489	-1.76582
-1.57179	8.98622
10.3716	-5.50555
-0.585411	-5.19388
-5.03411	-11.4632
-11.4107	-6.38558
-9.2472	-3.8716
-1.13027	-7.93174
-0.607093	7.36316
3.09793	7.71626
7.88326	-1.26822
3.19178	-14.8647
-13.652	-16.6599
-14.1453	-5.19555
-1.11551	-9.43227
-5.21368	-5.72276
-8.59405	-3.08375
-3.14568	-1.58373
2.05162	2.15965
1.12755	-7.82539
-6.34348	-5.33039
-4.47892	-8.87473
-8.09436	-3.80301
-3.73666	-6.00513
-9.01109	-14.4919
-14.371	-1.21177
7.64382	4.06792
3.97933	-6.72872
-7.61727	-12.6009
-14.6939	-7.42243
-6.61794	-3.65949
-1.37822	-7.22737
-7.82973	-3.44177
-1.05713	7.43625
2.20873	-0.218079
-2.16887	-5.50502
-5.4478	-3.22185
-2.91499	9.29908
10.3969	-9.95664
-9.53413	-9.69627
-9.94588	-7.01772
-8.35576	-0.167666
1.60401	-3.7294
-2.79631	-2.65394
-3.09798	-2.91951
-1.5716	3.908
6.86375	-0.479048
-6.88663	-5.42075
-7.11836	-0.821284
-3.29662	-1.22397
8.13816	-0.424643
0.645637	-9.39625
-9.14609	-5.76345
-7.89136	0.457033
-2.69876	-10.3401
-12.2163	-4.86354
-5.23294	-5.6992
-0.578645	13.6665
6.95437	3.22242
-2.21406	-8.02322
-7.07625	-15.0258
-15.6959	-8.37172
-7.94138	-6.5128
-6.27817	-4.40996
-7.46573	3.33452
-1.01443	5.96993
11.725	3.77018
3.53871	-4.36526
-4.15445	-8.236
-8.15129	-10.0644
-10.8751	-6.30733
-6.68034	-10.4697
-9.58826	-5.72907
-7.70417	7.64955
7.50492	3.53779
5.47162	-1.21706
-2.28921	-10.3704
-10.5761	-11.0107
-8.44008	-5.37473
-2.8135	-4.79485
-4.71137	-3.37338
-4.69121	11.1723
7.24604	-6.73531
-6.72005	-2.32461
-6.65756	-10.2992
-11.1541	-6.67801
-7.89262	1.52737
1.34271	-8.87703
-8.17038	-5.23189
-4.42745	8.23986
6.27917	-11.1232
-9.19433	-4.45831
-5.19995	-10.0685
-7.32406	-1.23691
-2.61093	3.08169
2.45672	-3.50378
-5.48009	3.71534
8.29729	9.41898
4.72796	-1.34032
-2.71466	-11.8722
-12.5973	-10.6629
-13.591	-1.43757
-0.653487	-0.879146
-2.66233	-4.39351
-2.77209	3.93378
5.04263	3.96116
3.23988	-3.46683
-2.07734	-1.60002
1.49202	-0.209592
2.93861	0.877822
-0.182939	4.60897
5.38957	-14.1947
-16.4812	-15.3496
-15.3728	-3.02534
4.84603	2.39368
-2.63699	-0.644708
-2.59583	-5.28079
0.530639	-0.0141725
1.21254	-6.00461
-9.10248	-5.51558
-8.09276	-3.18162
-3.70263	5.99038
7.23321	-13.6478
-9.52476	-5.84596
-7.57758	4.33701
1.10644	-6.88368
-8.10514	-0.238673
-6.81448	-7.00821
-6.79382	-7.59436
-10.8645	4.06597
5.82133	-17.0909
-17.4297	-12.7173
-6.7332	-1.23457
-2.01925	-0.377309
0.0364635	3.27666
4.00749	-7.83921
-10.1768	-14.6808
-14.8099	-4.30225
-4.41826	-11.6717
-10.2529	-5.0102
-7.97267	2.615
0.713786	5.84509
3.97405	0.318907
-3.41685	-3.35793
-6.77607	-4.53186
-4.62107	2.71735
1.81541	-0.473847
-1.68433	-5.80142
0.671761	5.63786
3.20374	5.12046
1.80423	0.872586
-6.25932	-11.5495
-12.3916	4.17216
0.502499	9.00554
0.324641	-7.90583
0.0515512	3.54578
-6.73826	1.76916
-3.60741	-4.65156
-3.7132	-1.01519
-2.41356	-9.46645
-8.96596	-3.95948
-4.73175	2.40389
1.78292	-17.2494
-16.547	-15.6104
-14.6599	-1.7567
-4.25795	4.14378
0.349312	-0.478948
-5.57243	-15.6305
-17.8363	-3.35767
-6.73792	-5.77884
-3.50483	-5.02584
0.349595	-3.95372
-3.82614	2.1194
0.41051	-1.53746
-7.47889	-7.77978
-4.77912	-16.5705
-16.4831	-9.15283
-11.416	-1.53968
0.583597	-3.70754
-1.45062	-6.7749
-6.97765	-5.90402
-7.74037	-5.58245
-2.57598	11.9215
11.8013	-7.6178
-7.99326	-12.9574
-13.7898	-0.38825
7.95846	-4.67991
-6.70895	-14.3259
-9.10546	-8.31394
-5.53594	-4.67079
1.96803	7.01075
7.01705	-5.19994
-4.27902	-8.62126
-6.80629	-2.87056
-2.21715	-5.68417
-4.07141	-10.9298
-11.734	-15.7601
-11.9329	0.52997
1.85792	-1.23159
1.10554	-1.14391
-5.1718	-1.75034
-1.15589	4.17927
5.60521	-1.48474
-2.08837	-6.53802
-1.28589	-4.06855
-2.06691	-0.29998
1.29116	0.390592
-0.996115	-6.43045
-9.9327	-1.75915
-1.04065	3.62762
4.58725	-17.1745
-21.622	-13.4516
-12.9783	-5.60287
-6.323	-3.59955
-1.30828	-3.63562
-5.64613	-10.8458
-10.2341	-0.376268
0.693695	3.76811
3.40521	-13.3278
-14.1496	-14.4853
-16.1015	-2.66656
-1.86903	-9.12611
-2.30665	-5.42167
-5.95963	-8.95291
-7.23924	0.23908
-0.0339362	2.39981
4.04038	-9.22036
-6.23696	-7.91978
-12.58	2.19969
-1.59853	-4.5241
-4.31923	-3.53783
-4.5605	-1.76864
-3.33035	4.43818
1.72188	7.72211
4.10192	-0.132702
1.28379	-4.05994
-0.178327	3.30239
2.35762	6.81633
1.58519	2.68407
0.0691464	-12.806
-11.4817	-0.838893
-3.41605	0.90152
-0.893621	-6.74811
-5.9214	-10.7222
-9.45431	-2.08795
-1.3057	3.93079
10.5807	3.04645
2.76595	-10.32
-10.3504	-14.2289
-13.3438	-7.49827
-9.32589	-2.78181
-4.64929	-4.19691
-3.364	-3.20025
-3.53201	8.46431
6.2365	3.29987
4.47938	-6.87478
-6.04086	-7.38521
-8.41996	-3.26129
-2.84313	-5.48799
-5.41656	-5.09539
-4.93707	-4.02282
-2.29478	1.67862
0.769249	2.71652
-0.35451	-9.66945
-13.6169	1.55893
0.294315	-4.54391
-4.3261	0.748552
0.896786	-5.34946
-5.22339	-6.85467
-7.86324	1.97414
-1.7121	-0.556538
2.42467	-4.09629
-5.40975	-12.1428
-12.4317	-0.0734986
-0.323245	0.0341698
2.06991	-8.54404
-9.00466	-7.18364
-4.83357	-1.43288
-0.0247343	0.219262
1.27545	-7.41144
-7.63719	-12.8305
-11.5654	-2.95364
-2.23456	-0.963908
-5.27023	3.56795
-0.387901	-5.86813
1.88264	1.24083
2.89009	-1.49007
3.48159	-19.3306
-17.2736	-5.80087
-9.02577	-2.72518
-2.34365	-3.60735
1.22404	-4.73133
1.92693	1.01669
2.23987	0.207297
-4.63077	-2.2272
-1.83316	-16.0173
-12.2541	-1.66294
-0.570655	-5.45011
-2.45876	0.469062
2.30141	-5.59672
-16.4739	-11.9235
-13.2501	5.10701
4.5516	5.83421
8.47208	-6.83678
-5.44816	-11.8572
-8.01453	-1.45507
-1.72337	-4.53124
-0.742464	6.20692
-2.03761	9.08878
4.88722	4.40612
-4.94934	-2.0577
2.40266	-16.655
-18.1464	-5.30561
-5.70748	-8.14472
-6.11504	-3.07362
-7.97519	-10.6946
-7.58691	1.3449
1.54474	0.194549
0.586735	-3.31262
-11.2829	-5.81996
-3.46387	-10.9885
-13.4455	-4.21293
-5.22366	-8.89887
-10.2565	-7.626
-6.26907	-4.26932
-8.14658	8.72172
4.42199	4.04304
4.93622	-4.89869
-5.08065	-14.138
-13.3366	-2.69342
-2.55243	-9.28445
-10.4356	-3.04255
-5.41995	-8.14822
-10.4876	-10.4683
-8.48626	6.29156
5.45652	-3.96415
-4.71527	-11.5419
-11.8457	-5.62037
-4.67392	-8.6931
-10.6976	-9.46244
-11.1466	-4.11139
-1.26504	6.79734
4.022	1.25697
1.7892	-10.5228
-10.5131	-8.39769
-7.55981	-3.66699
-3.32052	-18.2413
-22.878	-4.71359
-4.96112	4.16581
3.67446	-4.80949
-3.81699	-0.973379
0.454526	-9.84688
-10.0428	-0.187609
0.794284	-0.875677
-0.279291	-21.7719
-20.4669	-5.43773
-5.4269	-4.23972
-5.21288	-4.45731
-7.7308	5.71382
3.86211	-9.77277
-7.77761	1.58831
-1.92916	6.68298
6.16736	-7.8282
-11.2638	-2.15842
-8.80764	4.54868
0.10997	-5.1032
-4.42237	-2.43934
-2.42382	-20.0979
-21.1861	-1.99484
-3.54769	-0.458241
1.23617	1.89477
-4.37366	-6.5317
-16.0532	-0.704239
4.19214	-5.3798
-3.28751	0.00252617
-2.55728	-19.0228
-18.231	-10.1801
-5.83696	-4.2704
0.664212	-5.1459
-4.32551	-13.7782
-13.0335	-4.86184
2.5993	5.44252
-0.279013	3.32922
-4.45565	-18.2326
0.279009	-8.05515
-7.97469	2.29903
-0.240902	-0.488279
-6.46512	1.46465
-5.27047	-7.07091
0.719653	-15.3603
-16.2573	-12.6242
-12.3841	-4.55513
3.62026	1.58605
-1.31947	-2.82894
-2.60998	-1.79904
3.53214	-3.51991
-4.71752	-6.30732
-8.4445	-5.06531
-6.2869	-10.9998
-13.5057	-6.88795
-6.34974	-9.52387
-8.68782	-5.59906
-7.89554	2.05983
1.6832	5.08808
6.68979	-4.53763
-3.40067	-5.11568
-4.59616	-6.75402
0.539782	-3.0384
-3.03839	-8.42647
-0.0499262	-4.70128
0.384386	-2.69133
4.85157	3.17118
4.66444	2.57508
-0.503266	-19.3396
-14.6667	-2.12802
-0.421426	6.76068
8.08367	-8.42887
-7.71469	-6.85459
-13.0862	0.0980994
-1.99119	-5.74989
-5.38699	1.04841
-1.60157	-6.9542
-8.41648	-8.23057
-7.48504	3.74041
1.92482	-11.9741
-13.4908	-5.09939
-5.5141	-0.462246
-1.36069	-4.30929
-3.78796	-3.66789
-4.67429	-5.60296
-4.25069	1.29184
-0.305629	5.2487
5.83838	-10.5962
-10.4774	-7.92253
-9.55646	-2.78516
-0.767408	-2.74349
-1.87437	-2.51735
-2.63323	-10.4069
-14.2184	2.68468
3.87884	-2.34093
-0.433163	-10.8463
-11.1933	-10.4787
-7.75734	-4.51696
-2.23993	8.12455
4.70649	-4.78675
-3.46245	-8.87125
-8.2915	-12.5307
-13.1893	1.33057
1.0856	-11.7026
-5.93875	-6.3029
-2.82143	2.57163
2.90257	5.62874
6.14787	4.94361
-1.19958	-19.3046
-18.6562	-14.44
-13.1999	-1.90828
-1.57403	0.773659
-5.37605	-2.77485
-3.8843	-3.33694
-3.67747	-3.10479
-6.12397	-1.9673
7.62647	-9.28537
-10.3412	-4.52763
-7.61084	7.0041
-1.20909	-11.0709
-11.8151	-10.0351
-9.44466	-7.11135
-6.04673	6.18379
8.72501	-5.92676
-6.79923	-9.83288
-8.92971	-2.50016
1.73253	0.209124
-0.942775	-11.9166
-8.78495	-9.5395
-0.382549	-0.986012
-1.42427	-3.31721
-0.0796466	-4.1085
0.597024	-14.9808
-13.195	7.64964
8.31241	-1.40917
-0.0226154	-11.1509
-12.9401	-8.44501
-10.2145	-5.26591
-5.92237	-7.40221
-8.02468	1.65134
-0.476435	-12.3486
-12.2724	3.62728
2.07148	4.84902
6.75308	-18.4971
-12.7475	-9.67517
-5.49478	-2.90259
-0.289409	-4.21465
-1.17059	-6.73598
-0.122817	-13.9195
-11.9413	-4.80835
-0.595826	-5.10798
-2.4928	-8.15411
-7.7219	-13.7538
-12.9318	-10.7215
-8.23696	4.57414
6.90152	2.81927
1.24628	-8.38045
-8.19292	-11.6423
-12.244	-1.66075
3.81709	-11.4261
-10.9528	4.07338
2.70395	-15.0249
-11.6043	11.4611
11.1213	-5.08664
-4.97873	-9.6002
-9.67555	-12.997
-12.7643	-4.35513
-4.91641	-1.51351
-0.238102	-8.91941
-10.2406	-10.3066
-10.2547	2.02354
4.15713	-0.763936
-2.5817	-8.1068
-9.7372	-9.92626
-9.84926	-0.134711
-6.98776	-0.633163
-9.98578	-5.78936
-10.7398	-10.4984
-10.8406	-0.115434
0.934758	6.7173
8.65547	-6.63655
-6.80599	-11.0638
-13.1841	-1.04473
2.59053	-2.31965
-2.21419	-12.5227
-9.76915	-10.0195
-9.03267	-1.50589
1.34915	6.48929
8.49918	-8.13069
-6.42541	-13.692
-16.0744	-7.85299
-10.8904	-3.90512
-5.42961	-3.22318
-2.07398	-1.4275
-1.98	5.26452
2.19932	3.91711
1.33789	-7.87265
-7.06417	-13.7598
-15.0661	-8.56012
-8.91968	-2.8344
-2.62102	-1.43106
-1.37539	-9.40777
-9.79618	7.62894
12.4238	-4.41173
-3.26619	-5.3293
-4.27059	-10.3231
-7.90696	-3.022
-6.23978	-7.09486
-5.83659	-7.23588
-2.0853	-9.89053
-11.8359	7.09151
11.6426	-3.31811
-1.28397	-5.63648
-6.96507	-1.63179
-3.59884	-1.15831
0.689765	-6.28118
0.310939	-4.86557
0.144224	1.89507
2.49663	0.399043
-0.0367438	-1.9249
-0.911653	-3.086
-0.627141	-14.773
-16.7	-16.0265
-13.575	-3.6925
2.32286	-3.42599
-8.67438	2.15915
-0.687963	-3.02103
-0.690385	4.68205
-6.71607	-7.77825
-5.89206	-0.323896
-0.309418	-0.601895
-3.88546	-3.20691
-4.09513	-15.9453
-11.9859	-6.19026
-5.88899	7.20759
4.88601	-10.6227
-6.03177	0.362982
0.56132	-4.32572
-4.9253	-9.28615
-6.92616	6.31455
7.92131	-7.00782
-6.89458	-1.58777
-1.26412	-9.69882
-6.1458	4.4292
5.05509	-1.7028
-3.25739	-10.3006
-10.7936	-11.9218
-12.2964	-0.354336
-0.0673145	-6.13727
-5.20894	-4.85082
-8.31216	3.21371
2.33898	2.30999
1.0003	0.864968
1.11006	-9.3945
-10.1932	-11.5165
-10.9121	1.75626
2.84286	-10.6155
-12.8963	-10.3386
-9.03926	-2.44556
-7.23047	2.09506
0.399307	7.03219
8.21834	-8.91981
-10.3989	-10.4007
-10.3706	-2.09313
-3.28072	-9.94628
-10.8851	-6.4093
-6.88987	2.22805
3.91257	10.8
5.88202	-2.2416
-2.74597	-11.1901
-11.502	-13.8313
-11.8414	-2.46662
-3.9763	-9.33089
-10.0351	-7.29564
-6.61257	3.94204
8.37213	4.10926
6.53514	-7.18451
-6.81705	-10.2738
-10.8903	-10.2707
-8.32924	-0.901963
-0.743069	-15.8297
-14.9313	-11.8451
-10.7064	-3.81644
-5.12235	-2.42226
-2.0909	-10.0859
-9.18621	-7.87787
-7.89538	0.236106
0.0663415	3.86021
4.02763	-17.2278
-15.5135	-10.3511
-11.1043	1.94957
1.74226	3.46843
2.8098	-5.07155
-5.91841	-11.9321
-12.1562	-11.1056
-11.1363	-2.87822
-3.35109	-8.58999
-9.08921	-5.95459
-5.57244	3.6619
4.5326	8.66589
7.49837	-5.5638
-5.77723	-9.88908
-8.7518	-10.8098
-9.96029	-4.7532
-5.11056	-8.26435
-7.18122	-11.3829
-10.1867	-11.5943
-14.2326	8.74418
8.92385	2.13229
3.21166	-5.85914
-6.53931	-10.3095
-11.0561	-4.49625
-4.62331	-9.12248
-7.23372	-8.15866
-7.27205	-5.18844
-6.13889	11.9588
12.8608	-3.55019
-3.89728	-9.24545
-8.81841	-13.4702
-13.321	-2.44164
-1.13787	-6.58133
-5.09607	-7.61651
-9.23387	0.490855
1.83463	8.96435
13.3275	-11.0778
-9.89508	-5.12448
-5.40304	-10.3012
-9.41341	-3.32005
-1.60194	0.836105
1.36344	-8.32239
-6.92289	-3.05096
1.42519	2.97447
5.78013	-12.2104
-12.7783	-11.9878
-11.019	-12.3725
-13.4295	-0.731297
0.947341	-9.70777
-2.52745	-3.62666
-0.26928	3.07086
2.49936	5.52879
1.22399	-1.54903
-1.08406	-15.5079
-14.5378	-12.5724
-12.0949	2.94905
-1.14347	-5.70171
-4.61221	-8.41363
-1.38968	-2.33136
1.04018	3.00298
6.52347	-1.72464
-0.492942	-15.3472
-15.4537	-11.9443
-10.783	3.47109
6.78483	-0.0701349
-4.88586	-11.3677
-11.9715	-3.61918
-9.11943	-4.97508
-6.12747	0.568075
3.68295	-3.99153
-2.91012	-5.38164
-2.6401	5.04089
9.08268	-2.49237
-1.58058	-11.6574
-12.1167	-5.66317
-6.23161	-9.51541
-0.169872	-5.33348
-3.84169	-6.64021
-6.76663	-13.4228
-11.9847	0.0860451
-0.358369	-4.49353
-7.09497	-8.81325
-9.35161	-1.46058
0.739902	2.71163
-1.5361	-5.81255
-6.40657	-3.57928
-3.40101	-1.95514
0.110005	8.03514
6.7735	-8.36317
-8.38157	-8.49224
-9.36964	-10.8318
-10.5802	-0.783232
0.373636	-5.75318
-5.55033	-0.710961
-3.2545	1.10084
-3.21847	-0.775993
-1.30182	7.08791
-7.41222	-7.14854
-11.7925	-2.97443
-2.36577	-1.6992
1.29775	-2.87033
-3.55769	-5.58217
-6.06336	-9.12646
-9.4473	-4.65761
-4.60276	-8.48872
-9.39595	-8.41618
-6.63416	1.30146
-2.68273	7.02386
6.95645	-0.549674
-0.174223	-8.76489
-8.43732	-16.7494
-15.5665	-4.55218
-6.35194	-6.59251
-5.44417	-4.36912
-4.73622	-4.77177
-16.7033	3.42416
5.26693	5.45107
5.46806	-5.65535
-6.25529	-12.0746
-13.0667	-10.0191
-10.2257	-4.12021
0.105831	0.878441
-1.24998	-3.07284
-5.30585	4.05521
6.82493	-2.3314
0.0712938	-6.10586
-7.8402	-14.2937
-13.2471	-11.8282
-8.88714	-5.63003
-3.75974	-9.01232
-4.92243	-16.0696
-9.84309	-3.57446
-1.70436	8.8803
8.23831	-5.3473
-6.25706	-14.8884
-17.2066	-1.56126
1.16346	-1.13235
-7.18619	-0.303041
-3.06004	-14.9281
-12.0545	7.26284
9.45508	0.120115
-2.20131	-8.18425
-7.36346	-15.3276
-14.9129	-9.94023
-7.15992	-8.39166
-6.94742	-4.73536
-3.15118	1.34732
-0.883245	6.47929
3.52918	-7.34618
-4.47698	-8.04211
-5.60685	-12.8992
-10.921	-2.80776
-2.8456	-6.78786
-8.5999	-9.90925
-6.87818	1.01005
-1.1103	4.89928
1.65063	4.87363
7.71142	-19.181
-20.9387	-0.71001
-2.06028	-1.90696
-1.24884	-0.292736
-7.06672	-4.38304
-2.11639	-5.72967
-4.50708	2.92524
4.90064	-2.23413
-4.61773	-6.9939
-6.42307	-12.102
-11.4396	-3.69294
-1.41057	0.998896
0.950552	-7.98737
-8.72512	1.06145
2.03015	2.66381
5.83888	-12.3571
-9.2175	-5.01705
-5.52077	-7.72924
-8.8332	6.78299
2.37693	5.18082
4.63479	1.78526
2.08921	-1.39684
-0.51719	1.99429
-2.98434	-5.20919
-5.86415	-14.6605
-16.2283	-12.1521
-15.1952	-1.51195
-0.0426384	-4.54372
-2.10421	-0.627331
2.85516	2.53996
-1.88323	-2.48384
0.616458	1.35545
2.80815	-1.6208
-0.540764	1.24892
-1.87598	0.173247
-1.88166	0.97185
5.71185	-15.5336
-15.9813	-12.1632
-14.2151	0.999585
-0.674224	-3.83453
-5.56965	-3.07558
-3.88741	-7.96586
-1.23108	-0.527324
3.23171	-5.16651
-4.85116	-18.0522
-16.4528	-12.2133
-5.62223	-0.0810812
-11.2489	-4.16352
-11.2004	-4.7281
-7.63513	-6.85431
-2.53091	7.73186
2.48396	-3.81491
-4.29308	-9.10764
-5.61007	-14.0559
-16.1894	-4.771
-3.35798	-5.29867
-3.98463	-3.4722
-4.09393	0.0192665
1.93381	2.95947
2.15229	-6.14049
-6.31396	-7.5688
-9.47979	-14.4839
-13.9891	-1.216
-1.6396	-7.03498
-10.6166	-5.43486
-7.51011	7.59404
6.17534	-1.23268
-4.61429	-3.3635
-0.98453	-4.65711
-4.39815	-7.40123
-8.26039	6.48085
6.69218	0.356951
-5.70812	-9.01325
2.20303	-2.80094
-1.29483	-0.524495
0.732288	3.07378
2.59565	-9.9121
-10.9621	-4.36049
-4.91855	1.93953
0.283579	-22.2847
-20.8909	-9.19138
-9.745	0.794668
0.568843	1.20577
1.15651	0.543224
-2.2542	-3.25142
-4.98679	-3.74842
-2.28008	-0.191943
-1.01748	-3.51996
-3.55123	-4.15505
-2.21391	-5.67743
4.56048	2.735
2.01704	1.55054
-2.51356	-15.4953
-12.9654	-6.28554
-7.94975	-6.01616
-6.08961	-13.3567
-13.439	-8.92396
-2.07363	1.9818
2.03466	-5.93927
-1.23908	-5.25105
-2.4812	-8.48706
-2.85947	-14.9181
-14.3122	-1.8786
-1.56431	-9.56038
-9.68103	-6.95477
-8.27549	-5.47507
-5.62722	5.70313
6.81236	2.35916
2.66693	-6.87902
-10.1412	-8.5629
-4.28843	0.887524
-4.41247	-6.86713
-8.43725	-4.05029
-3.71169	-11.3317
-12.5116	1.14975
3.33984	6.29184
4.2467	-7.97027
-7.3385	-12.6674
-12.199	-5.46167
-5.36706	-5.75927
-4.26179	-7.49376
-5.95267	-4.13254
-2.88818	10.8138
7.01927	-3.15736
1.37293	-7.17522
-7.61748	-2.91529
-3.0015	6.71037
7.84243	-10.4231
-8.80988	-10.8088
-10.4901	-5.41557
-3.2702	0.48535
0.367397	-2.44059
-0.887291	-6.7265
-6.56302	-0.856643
-0.98997	6.64895
6.2462	-12.6766
-13.9137	-7.94614
-5.73261	-2.23613
-2.37829	-7.6789
-9.62459	-1.63375
-1.05151	-10.9182
-10.3107	4.56276
5.07253	6.05242
4.22846	-16.5158
-16.3225	-11.1635
-8.75166	-7.5553
1.91355	0.00768832
-0.792908	1.5191
-5.13425	-22.9513
-23.4854	-4.91863
-2.03298	-1.85107
-8.3388	-12.603
-1.94774	-1.16607
-4.80826	-0.888686
5.40743	-2.63896
-3.35876	-1.61223
-3.73356	-19.6365
-18.8426	1.4357
-1.41533	-5.37176
-2.35772	-7.62455
-8.72975	-2.41578
-1.99541	-0.47223
-3.25118	1.77751
-3.03349	-3.99041
1.49565	-9.752
-7.81028	0.475536
1.65109	9.08566
8.36773	-18.9492
-19.8912	-10.8475
-12.813	-1.67943
-1.68928	-4.13192
-1.10415	-0.676288
0.342425	-7.93223
-7.42512	-8.66251
-9.24468	0.23618
-2.60394	-11.5719
-9.22851	-11.3777
-10.5307	-8.56719
-5.92872	0.739482
0.372888	10.6712
10.69	-6.73652
-6.36637	-10.4583
-10.4492	-4.41845
-6.85801	-3.56613
-4.5076	-5.27152
-4.99477	-0.925243
-1.83372	-0.166315
0.950259	-1.746
-2.5763	-4.89156
-5.73586	-9.81164
-8.61817	-2.39403
-4.18273	-5.5164
-4.61492	-4.70197
-0.988401	-2.36252
-5.56019	2.92751
-0.334006	-2.64016
9.34102	-11.3329
-12.9719	-14.1198
-14.018	-3.85674
-0.754466	-1.83603
-9.29517	-10.1514
-7.93807	-0.200436
-4.10049	-0.15119
0.806566	9.31394
6.3957	-15.5754
-14.6228	-11.3633
-12.5996	-0.136752
2.74039	-3.70542
-2.02631	-1.4688
-4.85609	-4.13771
2.217	0.564336
0.911629	2.82203
5.82164	-17.4229
-13.1424	-12.3361
-11.2024	3.11688
1.62799	-7.74219
-6.58931	-1.95765
0.733313	4.42008
-1.43594	1.50573
2.82813	-10.8459
-6.50181	-16.5602
-16.3981	-7.85302
-8.9113	-3.59943
-1.0488	-0.204536
0.588252	0.0577547
-2.45053	1.87533
-1.43399	4.25635
-4.05057	-4.30575
-8.06629	-17.5089
-17.7743	-7.38516
-10.8461	-1.87568
-2.45513	-7.29987
-7.41889	-2.19292
-5.64051	-0.942342
-1.36594	0.79721
0.842122	-1.47496
-1.44633	-10.5822
-10.9312	-3.76579
-3.33545	2.98467
1.52916	-16.8706
-15.6947	-13.4859
-14.0445	-4.93175
-3.25059	-0.308143
-6.33796	-4.70365
3.54516	-5.55526
-7.45944	1.83577
-5.10246	4.7166
4.93449	-9.64293
-6.96281	-4.38793
-1.91098	-6.57379
-7.98809	-0.719462
6.47514	1.94402
4.68279	-8.49044
-7.37493	-10.6992
-11.8476	-3.4943
-3.45366	-6.92624
-4.49703	-6.91705
-5.42654	-4.67577
-3.10441	4.22469
0.959536	1.76887
3.11117	-18.7704
-17.9826	-3.81211
-2.00072	-4.46643
-5.19582	-0.422322
-6.52552	-6.91557
-8.06112	-1.02622
-1.93568	-4.41165
-6.34887	-3.82352
-3.75107	-15.2144
-14.1969	-6.04579
-4.56316	-0.171557
-0.732689	-9.71403
-9.48574	-5.27344
-4.42921	-8.34101
-8.02736	1.16898
-4.2733	6.41183
1.67178	0.0645693
1.96819	-9.55234
-10.3051	-9.77179
-11.5647	-6.51645
-7.07431	1.01732
-1.97574	-5.16291
0.0445969	-6.2475
-4.45392	-3.76244
-3.91547	-2.3611
-4.22042	-10.2035
-9.54259	-3.04904
-1.64707	-6.59184
-5.63385	-0.424628
-3.99814	-9.16467
-9.38504	-3.64206
-4.00927	4.90554
6.81387	-3.77348
-2.92685	-3.22246
0.244017	5.80814
6.04257	-5.42184
0.885293	-2.90113
-6.49181	-2.07067
-3.91859	7.54633
7.71039	-6.2749
-4.02899	-14.4446
-13.0786	-2.49014
-2.41882	3.33912
0.142151	-0.7002
-5.75641	-3.37755
-4.18685	-16.3229
-16.2608	-0.00304873
-1.22166	10.0938
9.69096	-5.94504
-5.12876	-5.5394
-7.56806	-7.0657
-10.2689	-7.28883
-5.33745	-5.12975
-3.2658	-2.81824
-2.37548	11.6738
8.42843	-0.0828439
-0.492541	-10.8373
-10.7928	-13.0364
-13.4716	-8.4244
-7.33371	-9.01833
-10.4281	-1.58208
-1.31442	-10.2936
-13.011	11.3795
2.03181	6.67689
0.164755	-8.81732
-6.80505	-9.60978
-7.62175	-3.71669
-2.78047	-5.19603
-1.96248	-9.57794
-7.93072	-10.0771
-8.15777	3.02596
3.62831	2.48219
-0.606788	-12.6945
-15.1229	-12.628
-11.1169	-2.04873
-3.05088	-3.04296
-6.02072	-0.216294
-0.853845	-0.593998
4.29501	0.23794
-1.86759	-1.85046
-1.07971	-17.1048
-13.9592	-5.92533
-6.79114	-4.75535
-6.6022	-6.23082
-6.78091	-1.98673
-2.54668	-16.2934
-12.8536	-3.29512
-8.65848	-0.127434
-1.88403	0.667817
-4.04155	0.372801
1.65806	4.53881
6.75935	-2.20348
-1.07614	0.433645
-8.16717	-9.96591
-5.88588	-0.437832
1.37889	3.68231
-0.315913	-15.9179
-15.0768	-5.60662
-9.32327	8.19927
14.332	-8.27463
-21.3479	-5.47801
-4.31354	-8.1294
-8.8878	-8.5899
-5.55715	-4.36813
-1.73936	-11.8362
-11.6823	5.62973
4.56302	1.70879
-0.211154	-22.461
-22.4249	-6.97238
-8.00399	-1.20002
0.977943	2.74649
4.2833	-1.44727
-1.16785	-9.39459
-8.84085	-11.9866
-14.4241	-5.96592
-7.13534	-11.7049
-10.9146	-4.24013
-4.03358	7.25034
4.19872	5.7497
8.08506	-4.96365
-5.02208	-8.32166
-9.6043	-6.68387
-5.56579	-2.89955
4.56868	-14.1028
-5.58792	-4.81427
-2.18923	-3.36976
-6.47853	0.915051
-0.425976	-1.81661
-1.49062	-10.8169
-9.70911	3.80506
3.48306	-0.494486
-1.88724	-17.1007
-17.7833	-3.90496
-7.24282	-7.8218
-5.79511	-7.63383
-1.65837	6.08427
1.0614	-8.42928
-10.7097	-5.48033
-5.80167	-0.625079
0.599352	-18.1411
-10.2644	-4.8766
-4.41511	-0.913931
-4.4623	3.89298
3.67185	-6.66691
-12.0188	-10.9963
-11.2832	-6.60769
-6.05138	3.87827
4.28081	-2.27708
2.65673	1.38056
7.12126	0.433289
5.20583	-0.0249604
3.5145	-2.83614
-1.34414	-12.1512
-15.7122	-10.6349
-15.0613	-1.15051
-0.888081	-7.29878
-0.84924	-0.963508
-1.66594	-0.397155
-6.69446	-1.92165
4.96042	0.159912
-5.45437	-16.2769
-15.5533	-13.7425
-3.64187	2.43419
6.10797	1.1126
-0.133577	-6.95542
-7.86463	8.70949
5.1088	-1.45126
-7.02812	-18.4933
-23.7896	-2.10337
-2.83674	-7.33775
-3.09185	1.57997
1.30369	-5.52717
-7.94699	0.15482
-5.09367	3.62613
8.0427	1.66595
1.16473	-17.2388
-18.7682	-9.69473
-1.38926	0.559413
-2.7142	-5.57605
-6.11113	-4.66204
-4.02198	-13.974
-12.1333	11.5589
10.8708	0.624022
-3.04906	-9.67043
-8.7062	-9.21557
-9.23775	6.00017
6.22497	-7.0396
-5.63907	-3.80595
-2.03859	-13.7429
-9.84758	2.69661
2.96805	0.094042
1.06524	-9.76793
-10.1752	-13.4915
-13.6718	-5.56576
-5.98221	-1.2892
-0.481089	-1.16992
-1.18299	-7.61258
-9.2874	10.1675
9.52687	0.235637
1.42214	-8.15927
-8.02954	-12.577
-11.9015	-7.00087
-7.80122	-7.33834
-3.61832	2.70703
-1.53378	-11.3534
-6.3791	7.79362
11.8665	2.54544
3.24266	-10.4878
-9.93434	-13.6366
-10.4769	-8.05505
-13.3613	-3.20223
-5.06014	-1.11353
1.25506	-7.50425
-4.68353	-2.30193
-6.79296	-0.714019
0.841074	-2.58979
-2.35785	-3.75595
-5.04221	-14.7097
-14.9202	-13.5088
-11.326	-2.76009
0.204634	-4.29024
-4.91937	-3.79647
-6.49855	-0.206866
0.379401	-4.34767
-5.42558	-10.1648
-11.7962	-16.6938
-16.8123	-6.78907
-4.38102	3.99823
2.14848	-3.06974
-3.29999	0.0690291
2.6059	6.20972
7.5232	-10.4077
-11.5194	-14.5654
-13.7343	-4.04314
-2.41799	-6.85679
-13.9207	-10.0141
-9.82025	8.94456
7.05709	-3.03607
-0.909542	5.18991
4.80068	-11.0354
-10.9077	-2.88449
-1.72644	1.07903
1.26994	-20.2155
-21.6842	-8.7373
-2.30807	-9.6103
-7.84179	-5.84772
-4.58943	3.58049
1.92605	-7.33714
-8.76493	0.831044
-15.2458	0.169468
-0.417128	-10.4004
-13.9577	-6.38804
-3.60106	-0.928055
1.54547	1.3328
-1.10805	2.63955
0.086686	-12.3737
-12.7158	-10.2985
-12.1608	-1.99242
-3.14292	-5.74661
-13.4393	-5.35027
0.722695	-3.54399
-0.594547	0.43502
4.76884	3.24899
3.28807	-13.6476
-14.6085	-14.4375
-12.0865	-2.35916
-2.46916	-10.4686
-9.20215	-4.37508
-3.80726	-3.30367
-4.16641	0.102878
2.28737	2.88773
0.769757	-17.3393
-18.0554	-12.7779
-10.2326	-2.57027
-2.13744	-6.24849
-8.91475	-4.48128
-9.37434	-2.40311
5.60193	7.98754
2.81475	-3.54991
1.85772	-12.3891
-13.9593	-14.4741
-12.3269	0.606855
-2.17114	-10.7472
-5.33347	-9.72459
-0.951755	-0.997901
-0.838223	2.0689
0.741556	1.49987
1.98155	-14.7585
-14.1622	-9.18001
-11.6922	-0.317701
0.267966	-6.39455
-2.73082	1.78123
-0.15355	1.17733
-3.87249	-7.1924
-2.38354	-1.36607
3.50137	-15.4466
-15.4121	-13.2356
-15.774	-3.11621
2.01323	-3.03211
-0.2219	-3.28013
-5.38995	-2.2233
2.29394	-3.7602
-0.411842	0.636009
0.117095	-15.5064
-15.8785	-14.2818
-11.4119	2.50684
1.5789	-3.13912
-4.23585	-5.1339
-6.44676	-3.83483
-0.200058	-0.123649
1.06127	3.47265
4.468	-16.2222
-13.8547	-11.7719
-11.3394	3.09416
0.0389251	-2.33571
-5.93931	-3.26853
0.950771	-2.83184
0.996934	1.58114
-0.416517	-2.24013
-2.54622	-14.5385
-17.5894	-12.6338
-14.1588	1.79754
1.9615	-6.84666
-4.79144	4.37552
1.19032	6.49043
-0.320855	-4.11578
-0.383607	-0.609618
-2.02918	-15.9964
-15.8549	-13.8365
-12.9168	1.79048
0.175805	-3.47302
-3.04717	-0.860186
0.344034	-6.10875
-6.70469	6.64857
6.97549	0.158853
2.14523	-5.77974
-4.67692	-14.2079
-12.8459	-11.8093
-11.4616	-5.84291
-7.27337	2.57872
2.2192	-7.28425
-6.12831	-2.65024
-4.33667	0.269339
-4.56957	-0.811088
-0.188069	-3.03351
-0.870842	-12.9
-11.4733	-11.4371
-11.2191	-7.59417
-5.17988	5.48832
1.05887	-1.0867
-0.808256	8.33808
1.69883	-4.16109
-5.28515	1.32552
0.190487	0.692117
1.02297	-13.2705
-12.8799	-3.54648
-3.99406	-6.60175
-5.32821	-0.112266
-1.79647	-0.624461
0.809117	-3.12677
-3.47515	-0.992384
-2.0582	5.42973
3.16761	-4.87433
-9.0115	-7.8493
-4.23121	5.47274
3.386	-7.60988
-10.4088	-2.10389
3.36163	-4.27627
-5.0384	-6.36918
-5.87018	-8.35832
-3.25011	-6.02408
-2.31623	-7.23221
-1.70752	-8.22656
-2.79083	7.04514
9.05274	0.997175
-3.38242	-21.3051
-18.871	-4.95179
-2.35291	0.135204
-7.24772	1.67777
-1.83664	-4.62416
-3.6559	-4.45147
-1.97046	4.70474
-1.20854	0.124537
2.57416	-13.037
-17.5487	-9.74545
-9.59871	-1.48954
-5.41334	-6.10777
-6.4927	-7.56087
-9.37648	-4.79305
-4.35289	8.64318
9.04185	2.60766
3.28217	-7.10127
-7.00845	-8.14151
-6.36513	-3.17981
3.0583	-1.05148
-2.31006	-9.51609
-10.1469	-5.01111
-8.25835	8.38472
3.6219	0.875713
2.07341	-1.68706
-1.77985	-2.09047
-2.58877	5.13165
-0.31228	-8.98126
-5.78576	-3.63598
-8.86193	-15.6689
-12.8067	5.08309
6.0635	7.20274
8.4366	-8.2171
-8.12655	-6.90575
-5.32544	-12.664
-12.2387	-6.62806
-7.31771	-1.88519
-1.41117	-16.4647
-12.1614	-1.5412
-1.70976	5.81064
6.4064	-4.61286
-5.43894	-1.67356
-3.48053	1.24271
0.0932771	-1.67432
-4.0834	-3.63072
-4.3248	-7.77157
-1.14292	-2.42867
0.803577	2.70953
3.49539	-16.2687
-10.5884	-15.4223
-12.7251	3.46339
1.62556	-6.58325
-7.99223	-10.1287
-8.98243	2.02294
0.183279	0.730379
5.30472	0.189885
-3.23619	-7.73641
-7.59934	-10.6375
-9.21447	2.14328
8.52563	-5.63442
-6.09843	-9.54575
-8.50684	-2.85413
-4.95606	1.00741
-0.045842	-7.63588
-9.12624	-9.99778
-10.8489	-0.0738434
3.74373	1.97409
1.06015	-18.8467
-18.2981	1.93772
3.54457	-9.56518
-10.9465	-6.91105
-5.51562	2.64217
1.63423	-11.0844
-8.57325	7.49673
7.85884	-2.76541
-3.41083	-14.3479
-12.8767	2.53714
-0.0432536	-9.31618
-7.34079	-4.07523
-2.96308	0.210253
-1.85086	-6.37624
-6.6328	-3.87947
-3.56601	5.45141
6.95868	-1.40365
-0.435114	0.866101
8.90486	0.812918
-1.60336	-3.34299
-4.48269	-4.83197
2.17403	-16.305
-14.0935	-10.0844
-6.92601	-0.42245
3.43484	-0.808047
-11.1231	-5.09074
-4.65335	1.09543
